-0.3898250460624695,0.45934998989105225,-0.7091794610023499,0.5148881673812866,0.6627277731895447,0.047438595443964005,-0.11758032441139221,0.45438775420188904,0.23064647614955902,-0.16229066252708435,0.21061912178993225,0.5034579038619995,-0.6195763945579529,-0.35500460863113403,-0.0782027319073677,0.14089305698871613,-0.5375680327415466,-0.32356497645378113,0.4029143452644348,0.08934483677148819,0.4541715383529663,0.6985136866569519,-0.5219629406929016,-0.3864556849002838,0.24083487689495087,-0.6870022416114807,-0.3246442675590515,0.4058247208595276,-0.7263072729110718,-0.5116391181945801,-0.4013633131980896,-0.33375975489616394,0.26599863171577454,-0.34115076065063477,-0.3664591610431671,-0.4153604209423065,0.5002939701080322,0.5393732190132141,-0.7443512678146362,-0.0093440692871809,0.24060586094856262,0.015323655679821968,-0.3031201660633087,-0.1497815102338791,-0.06044333428144455,0.023671787232160568,-0.20671695470809937,-0.5947344899177551,0.02232247032225132,0.09213847666978836,-0.42462366819381714,0.6051551103591919,0.6178677678108215,-0.6262282133102417,-0.16054096817970276,-0.09958198666572571,-0.41299960017204285,-0.5724523663520813,0.07155071198940277,-0.7011653184890747,-0.5457982420921326,0.7095996141433716,-0.46123990416526794,0.20271703600883484,-0.10727808624505997,-0.34200793504714966,-0.6177828311920166,-0.12813208997249603,0.32424530386924744,0.270071804523468,-0.29628986120224,-0.7165855765342712,-0.5092470645904541,0.5734919309616089,0.24394498765468597,0.14904813468456268,-0.16196270287036896,0.075264573097229,0.5787249207496643,0.23035402595996857,-0.5610413551330566,0.06308899819850922,0.4649142920970917,-0.5812954902648926,-0.053796425461769104,-0.5236655473709106,-0.3397170901298523,0.4049743711948395,0.6959694027900696,-0.15015165507793427,0.2508297860622406,0.6577974557876587,0.7405740022659302,-0.39420753717422485,0.07982467114925385,0.2751975953578949,0.09829915314912796,0.03666260838508606,0.4476546049118042,0.5862695574760437,0.35617363452911377,0.7227270007133484,-0.7282860279083252,0.000311552343191579,0.3501396179199219,-0.4471156597137451,-0.21719659864902496,-0.14014023542404175,0.6288357973098755,-0.40952256321907043,-0.5744384527206421,0.5737541913986206,-0.058394670486450195,0.4372830092906952,-0.47818100452423096,0.6713289022445679,-0.06345051527023315,0.6233301162719727,-0.3794648349285126,0.733735203742981,0.017308641225099564,0.3083334267139435,-0.2824438512325287,-0.30752190947532654,0.4039480686187744,-0.16410186886787415,-0.47660890221595764,0.3196580410003662,0.6013415455818176,0.5349560379981995,-0.7435783743858337,-0.6754191517829895,0.39513444900512695,0.3975021243095398,-0.503117561340332,0.18387329578399658,-0.381708025932312,0.4732547700405121,0.5058484077453613,-0.1421608030796051,-0.07376550883054733,0.35778138041496277,-0.5272310972213745,0.6510871648788452,0.6337330341339111,-0.42543724179267883,-0.28863757848739624,0.5399785041809082,-0.31318384408950806,-0.5544695854187012,-0.598433792591095,-0.18366669118404388,0.6633257269859314,0.42893269658088684,0.7371650338172913,0.3389654755592346,-0.7105413675308228,0.5069339275360107,-0.5179783701896667,-0.6303285956382751,-0.007764871697872877,0.6107179522514343,-0.4875846207141876,0.24866734445095062,-0.25469133257865906,-0.47244369983673096,0.03455079719424248,0.5097623467445374,-0.04667382314801216,-0.3236163258552551,0.16066110134124756,0.5052416324615479,-0.7255867123603821,0.016542986035346985,-0.5473840236663818,0.12639464437961578,0.4657515287399292,-0.5906213521957397,-0.22347070276737213,0.5981315970420837,-0.6870430111885071,-0.5724666714668274,0.5183039307594299,-0.6742114424705505,0.6453312635421753,0.30934104323387146,-0.1393364667892456,-0.5873807668685913,0.6610895395278931,-0.26825016736984253,0.3012109696865082,-0.10020305216312408,-0.2968144118785858,0.2982322573661804,0.32666149735450745,-0.7384505271911621,0.5868598222732544,-0.4783933460712433,0.5752761363983154,-0.27122950553894043,0.4070297181606293,-0.24920329451560974,0.6314679384231567,0.35213765501976013,0.2853124439716339,-0.6454490423202515,-0.3327764868736267,0.4347396790981293,0.1564745455980301,-0.6009348034858704,-0.3530760109424591,0.642371654510498,0.7001757621765137,-0.6254081130027771,0.5781923532485962,0.3048314154148102,0.39300045371055603,0.3101796507835388,-0.46196675300598145,-0.034993235021829605,0.0627494603395462,-0.44798099994659424,-0.7296927571296692,-0.4257068336009979,-0.4347414970397949,-0.7408608794212341,0.050534527748823166,0.7022007703781128,-0.716637372970581,0.12805955111980438,0.6039943099021912,-0.48185041546821594,-0.32769015431404114,0.6675466299057007,-0.10932637006044388,-0.009055995382368565,-0.5749980211257935,-0.21773670613765717,0.7173871397972107,-0.6930043697357178,0.6898446083068848,-0.39538392424583435,0.63866126537323,-0.28244850039482117,0.7145181894302368,0.6786678433418274,-0.6878626346588135,-0.0936308354139328,-0.4322216808795929,-0.313697874546051,0.5221916437149048,-0.704286515712738,-0.021018508821725845,-0.0505111925303936,-0.3148652911186218,0.36939939856529236,-0.039047721773386,-0.15479415655136108,0.6540250182151794,-0.7039323449134827,0.4366450011730194,-0.36290767788887024,-0.1774246096611023,-0.5143272280693054,0.5308815240859985,0.36499565839767456,-0.4203905463218689,0.6607974767684937,0.39196938276290894,-0.22807854413986206,-0.012907191179692745,-0.5215581059455872,0.4716215431690216,0.6755366325378418,-0.47249162197113037,0.30103859305381775,-0.5626353621482849,-0.27013203501701355,-0.5977745056152344,-0.2689610719680786,-0.2863646149635315,-0.11516903340816498,0.6476597785949707,0.40301451086997986,-0.20334520936012268,-0.15047809481620789,-0.1134122684597969,-0.32595717906951904,-0.32060161232948303,0.6180587410926819,0.33444660902023315,-0.2889902889728546,-0.627161979675293,-0.6798043251037598,-0.6683350801467896,0.5977108478546143,-0.7154152989387512,0.3033812940120697,0.672893762588501,0.2825169861316681,-0.0851191058754921,-0.7050192952156067,0.08412199467420578,-0.04127685725688934,0.3668849468231201,0.052278827875852585,0.20266321301460266,0.7143458724021912,0.07375772297382355,-0.36392632126808167,-0.6210352182388306,0.5394843220710754,0.3037644922733307,0.005868383217602968,-0.38102027773857117,0.31329146027565,0.2939307689666748,-0.6495331525802612,0.042863402515649796,0.6231926679611206,0.30028045177459717,0.1843334585428238,0.4833053946495056,-0.1996403932571411,-0.6365510821342468,0.34642335772514343,-0.42065879702568054,0.4098188579082489,-0.48726779222488403,-0.45781245827674866,-0.6282002329826355,0.49994996190071106,0.24199114739894867,-0.18639731407165527,0.3413059413433075,-0.5209314823150635,-0.6442108750343323,0.6612887978553772,-0.6285253763198853,-0.30846795439720154,-0.17187759280204773,0.5899767279624939,-0.0010020316112786531,-0.12132355570793152,0.13927845656871796,-0.37532225251197815,0.26947149634361267,0.2225823998451233,0.0600895956158638,0.44704893231391907,0.10054255276918411,0.4188554286956787,-0.12091325223445892,-0.6968894004821777,0.11311718821525574,0.4759069085121155,0.1051381453871727,-0.5601471066474915,0.044315263628959656,0.6526668667793274,-0.34671613574028015,0.10026263445615768,-0.06953714787960052,0.4475853145122528,-0.6643391251564026,0.5620946884155273,-0.7118353247642517,0.10812617093324661,-0.23628774285316467,-0.2562781870365143,-0.11360491812229156,-0.5438673496246338,0.5859786868095398,-0.0022643706761300564,0.7185158729553223,-0.45865172147750854,-0.5187181830406189,0.37843093276023865,0.020614953711628914,-0.02536165900528431,0.7039947509765625,-0.5319560766220093,0.6599608063697815,-0.22364558279514313,-0.23182857036590576,0.6639879941940308,-0.2942201793193817,-0.13859912753105164,0.246599018573761,0.5777363181114197,-0.7168779969215393,0.4035648703575134,-0.1273253709077835,-0.3728698790073395,-0.080556720495224,0.4643438458442688,-0.22130128741264343,0.5382810235023499,-0.14115071296691895,0.029949914664030075,0.25037723779678345,-0.5121132135391235,-0.3349383771419525,0.2843141257762909,-0.6125242114067078,0.49361464381217957,-0.3967052698135376,-0.6089659333229065,0.31737372279167175,0.517285943031311,-0.5138961672782898,-0.31175950169563293,-0.3080514073371887,0.5730366706848145,-0.5173943638801575,-0.3693307042121887,0.5585432648658752,0.05513953045010567,0.5093229413032532,0.14791586995124817,0.5720734596252441,-0.6914514303207397,-0.6718468070030212,0.057400379329919815,-0.49810490012168884,-0.3051561415195465,-0.49888965487480164,-0.009933235123753548,0.31316429376602173,0.3840424120426178,-0.49619928002357483,0.6653212308883667,-0.3755590617656708,-0.31487351655960083,0.6888445615768433,-0.16862629354000092,0.24494658410549164,-0.5243883728981018,0.39203423261642456,0.09490860253572464,0.2849203050136566,-0.3874827027320862,0.05820494517683983,0.4224695563316345,-0.7413155436515808,0.49682456254959106,0.19766075909137726,-0.5654708743095398,0.07154866307973862,-0.178436279296875,-0.5000152587890625,-0.5833007097244263,-0.14998291432857513,-0.7098678946495056,-0.5558002591133118,0.10213447362184525,0.11148164421319962,-0.41469520330429077,0.01943110302090645,-0.4244113266468048,-0.47882911562919617,-0.6879196763038635,-0.13014233112335205,0.03818817064166069,-0.6914002895355225,-0.70478755235672,0.1762820929288864,0.4202815294265747,0.18554604053497314,0.5140957236289978,-0.6115285754203796,0.6299523711204529,0.5015701651573181,-0.46414247155189514,0.3207228481769562,-0.5740159749984741,-0.11167614907026291,0.18084463477134705,0.35140156745910645,-0.47933119535446167,-0.3521782457828522,0.17248469591140747,0.4758799970149994,-0.38404014706611633,0.492361456155777,0.01820293255150318,-0.03526129573583603,0.7316854000091553,0.05316360294818878,-0.35888874530792236,-0.021820755675435066,0.27801382541656494,-0.6471489071846008,-0.7282600998878479,0.20238599181175232,-0.05737389996647835,-0.05420498177409172,-0.35684385895729065,-0.032943565398454666,-0.027325700968503952,0.20419661700725555,0.3813885748386383,0.19858337938785553,-0.5403047800064087,-0.23374225199222565,-0.7282995581626892,-0.5921090841293335,-0.4743986129760742,0.5598828196525574,-0.5132443904876709,0.36542004346847534,0.052965424954891205,0.5468866229057312,0.42473703622817993,-0.11426003277301788,0.3559071123600006,0.12068551033735275,0.17458181083202362,-0.09132058173418045,0.7023520469665527,-0.05743062496185303,-0.05971730500459671,0.5567779541015625,-0.664013683795929,0.13910101354122162,0.6034278869628906,-0.4265998601913452,-0.4357300102710724,0.4154649078845978,-0.724143922328949,-0.46281638741493225,-0.2578618824481964,0.6202025413513184,0.3874763250350952,0.644932210445404,0.543900728225708,-0.5031707882881165,-0.3075147271156311,0.38688594102859497,-0.6397611498832703,-0.32490378618240356,0.43915581703186035,0.6168552041053772,-0.365077942609787,0.034039951860904694,0.01132845226675272,-0.5963603258132935,0.2870815098285675,0.6530890464782715,0.0397523008286953,-0.7042918801307678,-0.4709925353527069,0.2260376214981079,-0.06705964356660843,0.2112274169921875,-0.15586011111736298,0.23124361038208008,0.13531409204006195,0.12638606131076813,-0.46302878856658936,0.7082053422927856,0.24336431920528412,-0.6852489113807678,-0.6572547554969788,0.5741724371910095,0.05908045917749405,-0.66129469871521,-0.3977608382701874,-0.13415658473968506,-0.5637239217758179,-0.5085920095443726,0.6274227499961853,-0.010648910887539387,0.19318802654743195,0.3915869891643524,-0.024121178314089775,-0.6857367753982544,-0.5795180201530457,0.15724217891693115,-0.17489302158355713,-0.5752872228622437,0.2434070110321045,0.6568496823310852,-0.5779387354850769,0.36076489090919495,0.6360721588134766,-0.20438261330127716,-0.5498906970024109,0.5851566791534424,-0.015721578150987625,0.5406993627548218,0.13142690062522888,0.6695944666862488,-0.1145285964012146,-0.26213234663009644,-0.027832115069031715,0.4727080464363098,0.7019543647766113,-0.5932068824768066,-0.4676600694656372,0.6657886505126953,0.577869176864624,-0.0902293249964714,-0.21193812787532806,-0.13971155881881714,-0.6325839757919312,0.07560286670923233,0.4439256489276886,0.2705652713775635,0.17935803532600403,0.4530128538608551,0.4997291564941406,-0.505860447883606,0.40003880858421326,0.39912548661231995,-0.7430039644241333,-0.0967523530125618,-0.019463855773210526,-0.6506581902503967,-0.6923536658287048,-0.22516848146915436,0.5997235774993896,-0.23949342966079712,0.07029029726982117,0.6274453997612,-0.3676619231700897,-0.2813225984573364,0.039100684225559235,0.23629003763198853,-0.3194263279438019,0.5722902417182922,0.05487275496125221,0.05391516536474228,-0.5175585150718689,0.2525394856929779,-0.08031504601240158,-0.3104793429374695,-0.2909502685070038,-0.6019312739372253,-0.24120424687862396,-0.39431530237197876,-0.5856612920761108,0.4449242055416107,-0.18997734785079956,-0.02496667206287384,-0.20335572957992554,-0.02079099416732788,-0.427083283662796,0.15929445624351501,0.6518509984016418,-0.6868048906326294,-0.3252687156200409,0.38648661971092224,-0.24475198984146118,-0.08161485940217972,0.16472935676574707,-0.57728111743927,0.6960298418998718,-0.08602743595838547,0.6576007008552551,-0.4535551965236664,0.2519810199737549,0.03095032088458538,0.5411648154258728,-0.5269973874092102,0.2916239798069,-0.1538490653038025,-0.028669022023677826,0.6704348921775818,0.40546900033950806,-0.06067706272006035,0.7494785785675049,0.1627608984708786,-0.4261739253997803,0.13829518854618073,0.13058240711688995,0.22141677141189575,0.3601376712322235,0.34213510155677795,-0.6850467324256897,0.05814983323216438,0.024222424253821373,0.5703417062759399,-0.5208278894424438,0.38443523645401,-0.7373314499855042,0.4452645778656006,0.09680096060037613,-0.4919920861721039,-0.37253037095069885,0.19983364641666412,0.284458190202713,0.15345387160778046,0.5294179320335388,-0.5047261714935303,-0.05884764716029167,-0.18852582573890686,-0.6786117553710938,0.3068585693836212,-0.6428032517433167,0.28953292965888977,-0.7351285815238953,-0.1006125882267952,0.4788522720336914,-0.4913642108440399,-0.3831023573875427,0.38863468170166016,0.20125213265419006,0.37201130390167236,-0.23448821902275085,-0.6223520636558533,-0.5237373113632202,-0.04338083788752556,-0.5184590816497803,0.19234688580036163,0.1088908240199089,0.166203111410141,-0.2713204622268677,-0.6424188017845154,-0.24148987233638763,-0.4771968424320221,0.5070022344589233,-0.5158722996711731,0.03093629516661167,0.16293257474899292,0.042744409292936325,-0.41184940934181213,-0.23220369219779968,0.3877137303352356,-0.43329766392707825,-0.5561573505401611,0.500829815864563,0.5333287119865417,0.6776816844940186,0.012600772082805634,-0.22939784824848175,0.16050182282924652,-0.6656205654144287,-0.4749142825603485,0.2698270082473755,-0.30461516976356506,0.08244103938341141,0.39764276146888733,0.4082331359386444,-0.0022857843432575464,-0.41710779070854187,0.3138611614704132,-0.07406729459762573,0.3861600160598755,0.6487033367156982,0.20556671917438507,-0.05473833531141281,0.5758553147315979,-0.4906434714794159,-0.4721011519432068,0.11248133331537247,-0.40614891052246094,-0.24823051691055298,-0.023518189787864685,0.4153461754322052,0.40014663338661194,0.6332013010978699,-0.16128289699554443,-0.12754486501216888,0.08955395966768265,-0.5525557994842529,-0.7137165665626526,0.2109985053539276,-0.5439884662628174,0.21805618703365326,0.09616498649120331,0.47253960371017456,-0.5838353633880615,0.6936454176902771,-0.6879928708076477,0.19175995886325836,0.3882509768009186,-0.13025139272212982,0.6838755011558533,-0.24022702872753143,-0.25615885853767395,0.31343430280685425,-0.4976674020290375,0.3065947890281677,0.506942868232727,0.38119715452194214,-0.4973710775375366,0.5478041768074036,-0.03818570077419281,0.20564702153205872,-0.50270676612854,0.17403550446033478,0.3581925928592682,0.6817484498023987,-0.32650724053382874,0.5738394260406494,0.5194956064224243,-0.08797673135995865,-0.22639931738376617,0.6279824376106262,0.5225699543952942,0.027578655630350113,0.3986355662345886,-0.5316232442855835,-0.33530986309051514,0.0593545027077198,-0.17331549525260925,-0.6173246502876282,0.17282086610794067,0.10990282893180847,0.08248705416917801,0.44783732295036316,0.2560933232307434,0.3732512891292572,-0.21898190677165985,0.45625385642051697,-0.051264096051454544,0.7484156489372253,0.3307400643825531,0.49218493700027466,-0.13325940072536469,0.3221901059150696,0.5655296444892883,-0.3401963710784912,0.16675662994384766,0.35134008526802063,-0.36284109950065613,0.6110770106315613,-0.6359737515449524,-0.4824577569961548,0.2692597806453705,0.1914156973361969,0.2044178545475006,-0.12800250947475433,0.6870465874671936,-0.2503034770488739,-0.5902469754219055,0.4276392161846161,0.382942795753479,0.34568285942077637,-0.39093729853630066,-0.1571771204471588,0.735296368598938,0.2877250611782074,0.29225876927375793,-0.6425513625144958,-0.49345096945762634,0.6096449494361877,-0.16884662210941315,-0.21346725523471832,-0.4372138977050781,-0.30709224939346313,0.16530679166316986,0.5349323153495789,0.574467658996582,-0.011282263323664665,-0.251253604888916,0.10621580481529236,0.18193954229354858,0.20572175085544586,0.5120877027511597,-0.4964742660522461,0.060150522738695145,-0.6210059523582458,0.6010907888412476,0.6353720426559448,0.33448871970176697,-0.7169005274772644,-0.16992005705833435,-0.28314411640167236,0.476312518119812,-0.5760705471038818,-0.5762571096420288,-0.2141287475824356,-0.5341262221336365,-0.2224806845188141,-0.36495450139045715,0.11076633632183075,-0.23119331896305084,0.3269849419593811,-0.7206684947013855,0.6479215025901794,-0.6239627599716187,0.09623565524816513,-0.046883855015039444,0.5214416980743408,-0.21034495532512665,0.6837174892425537,0.5569450259208679,-0.602422833442688,0.055072832852602005,-0.051112670451402664,0.6409858465194702,-0.3507656157016754,-0.11673544347286224,0.4085639417171478,0.015702756121754646,0.4726346433162689,0.4381429851055145,0.3836236000061035,-0.26864638924598694,-0.7201688289642334,-0.378943532705307,0.3388557732105255,0.23056358098983765,-0.5506817698478699,0.37468206882476807,0.1457570642232895,-0.3778055012226105,-0.0029295773711055517,0.7070965766906738,-0.04657162353396416,0.6752723455429077,-0.5045621991157532,0.07961931079626083,-0.7373965382575989,0.08606690168380737,-0.421604722738266,0.457354873418808,0.6078802347183228,-0.18483790755271912,-0.5530098676681519,0.031163742765784264,0.31258365511894226,0.505888044834137,0.48144614696502686,0.38897451758384705,-0.3524366319179535,-0.11881338804960251,-0.07820586860179901,0.21490395069122314,0.5063788890838623,-0.3011738657951355,0.5930044054985046,-0.5445969104766846,-0.43966934084892273,-0.6169247627258301,0.1683705598115921,-0.691735029220581,0.21146808564662933,-0.09904679656028748,-0.06261452287435532,-0.4433804154396057,0.205074280500412,-0.45286980271339417,0.542165994644165,0.5024979114532471,-0.3706431984901428,0.1029604971408844,0.13487638533115387,-0.3475796580314636,0.13024550676345825,0.5764819383621216,-0.24963843822479248,-0.6651787161827087,0.10803962498903275,0.3355695605278015,0.27521225810050964,0.4613487422466278,0.21159058809280396,-0.3162822127342224,0.4940033555030823,-0.27300307154655457,-0.515036940574646,0.6455259323120117,0.7271000146865845,0.04649653285741806,0.5839551091194153,0.0893804207444191,0.7254998087882996,0.503876805305481,-0.026453504338860512,0.09450798481702805,0.6976668834686279,-0.03565496951341629,-0.39518481492996216,-0.6185668110847473,0.35689041018486023,-0.46324315667152405,0.3286685347557068,0.09260879456996918,0.2498374581336975,0.32141417264938354,0.43183740973472595,0.2905638813972473,0.2573920786380768,-0.02180144563317299,0.5803260803222656,-0.6720255613327026,0.42648035287857056,0.42370980978012085,-0.042612455785274506,0.40289071202278137,0.6481430530548096,0.45737913250923157,0.3441469073295593,0.21122242510318756,-0.11814719438552856,0.24713602662086487,-0.64663165807724,-0.08551003038883209,0.46651750802993774,-0.725078284740448,0.45135366916656494,0.331591933965683,-0.08625688403844833,-0.17160528898239136,0.16566263139247894,-0.15160180628299713,-0.6116058230400085,-0.023602241650223732,0.013591674156486988,-0.018907656893134117,-0.7417182326316833,-0.20466718077659607,-0.41284915804862976,-0.15698830783367157,0.4351806044578552,0.3397509455680847,-0.043964702636003494,0.44981616735458374,0.34751027822494507,-0.023894354701042175,0.24770058691501617,0.16018317639827728,-0.45091816782951355,-0.0020543572027236223,0.5211090445518494,0.24769185483455658,-0.14903108775615692,-0.2857773005962372,0.1430417001247406,-0.21495871245861053,0.6207430362701416,0.34759923815727234,-0.7397094964981079,0.5507838129997253,-0.07774294912815094,-0.1582571566104889,0.48227459192276,-0.2133176177740097,-0.23402635753154755,-0.03769666329026222,-0.4369352161884308,-0.7131091952323914,-0.14861609041690826,-0.04555263742804527,-0.3455817997455597,0.588833212852478,-0.05881277471780777,0.10001419484615326,-0.15880075097084045,-0.2620239853858948,-0.1245216354727745,-0.42765456438064575,-0.2749588191509247,-0.15252907574176788,-0.06129281595349312,0.6450722813606262,-0.25960108637809753,0.4741603136062622,0.5622768998146057,0.022631095722317696,-0.2199520617723465,-0.09918143600225449,0.5158393383026123,-0.07717166841030121,-0.27763786911964417,-0.15782605111598969,0.4484545886516571,0.09572954475879669,0.1681341528892517,0.5224658846855164,-0.1130671352148056,-0.44911783933639526,-0.6156579256057739,-0.4117550551891327,0.7115081548690796,-0.5602450966835022,0.2821255624294281,-0.09569612890481949,-0.06135455518960953,-0.03188386186957359,0.4256281852722168,0.7484632730484009,0.611082136631012,0.2949119210243225,0.38110265135765076,-0.6641259789466858,0.08338119089603424,-0.48636919260025024,0.28012967109680176,0.3903522789478302,0.081690214574337,-0.018431363627314568,0.13023541867733002,0.3846593499183655,-0.14816045761108398,-0.20804257690906525,0.33301421999931335,-0.02774498611688614,0.4641788601875305,0.631876528263092,0.6272579431533813,0.007723047863692045,-0.7078663110733032,0.010317211970686913,0.6821678280830383,-0.6848900318145752,0.45778316259384155,0.1282750964164734,-0.3947754204273224,-0.614425003528595,0.7203332185745239,-0.579352855682373,-0.6643810868263245,0.6741981506347656,-0.6827579736709595,0.5303082466125488,-0.17795002460479736,0.6136639714241028,0.042174626141786575,0.683103084564209,0.21988296508789062,-0.44851815700531006,-0.32846641540527344,0.339451402425766,-0.733007550239563,-0.2907041013240814,0.2209901660680771,-0.41504356265068054,0.062351446598768234,-0.3045504689216614,-0.3130531907081604,0.15763424336910248,0.7384142279624939,0.04903711751103401,0.0706961378455162,0.2923392355442047,0.46640148758888245,-0.48478782176971436,0.06825222074985504,-0.5134154558181763,-0.30669939517974854,-0.20455731451511383,0.42654526233673096,-0.13072527945041656,-0.34293073415756226,0.2604948878288269,0.5699796676635742,-0.016960659995675087,0.6191105246543884,0.1516563892364502,0.4723838269710541,-0.21014924347400665,-0.32716092467308044,0.382255882024765,0.2264774888753891,-0.1367374062538147,0.512554407119751,0.6439023613929749,0.0692717432975769,0.07293803989887238,-0.2608712315559387,-0.6848484873771667,-0.15042853355407715,0.7464292645454407,0.7368808388710022,-0.27520856261253357,-0.14635704457759857,0.3850865662097931,0.632392406463623,0.744042158126831,-0.48199403285980225,0.5956157445907593,0.28101861476898193,0.604904294013977,0.7172678709030151,-0.2699580490589142,0.03276881203055382,-0.7150468230247498,0.04614266753196716,0.22442007064819336,0.031124256551265717,0.7265422940254211,-0.23844972252845764,0.4513663947582245,-0.7185049057006836,-0.11436868458986282,0.7160685062408447,-0.36649298667907715,-0.05810362845659256,-0.33328232169151306,0.456409215927124,0.14487452805042267,0.07477908581495285,0.26402339339256287,-0.17539933323860168,-0.08248662203550339,0.43412280082702637,0.08735987544059753,0.33326178789138794,-0.6577275395393372,0.4510941505432129,-0.5076518654823303,0.24210989475250244,-0.5719184875488281,0.41717642545700073,0.6591867804527283,0.4831203520298004,0.08398603647947311,-0.575279951095581,-0.5730348229408264,0.03750909864902496,-0.5927740335464478,0.37693119049072266,-0.6232064366340637,0.11512922495603561,0.6525261998176575,0.5754926204681396,-0.4782499074935913,0.7478783130645752,0.13666045665740967,-0.3628184497356415,0.35376283526420593,0.3114588260650635,0.6309785842895508,0.4467724859714508,-0.28033605217933655,0.11853665858507156,0.20214052498340607,0.38636907935142517,-0.49460798501968384,0.47482702136039734,-0.44890260696411133,-0.5682689547538757,0.6814743876457214,0.10995851457118988,-0.37718886137008667,0.26100122928619385,-0.6521830558776855,0.6370993256568909,0.51995849609375,-0.12555693089962006,0.31228774785995483,-0.17568382620811462,-0.4756934344768524,0.06202812120318413,0.010748786851763725,-0.38565096259117126,-0.27534738183021545,0.3449631333351135,-0.5365286469459534,-0.7446843981742859,-0.12658968567848206,0.4475381076335907,0.6902866363525391,0.02818743698298931,0.5610575675964355,0.2744581401348114,0.43695780634880066,-0.07439254224300385,-0.3329786956310272,0.23855285346508026,-0.30717384815216064,0.3318808078765869,-0.21111729741096497,-0.5707711577415466,0.19909238815307617,-0.026742829009890556,-0.23035411536693573,-0.06841538846492767,-0.7262568473815918,-0.7255247235298157,0.1499195098876953,-0.5638852715492249,0.21645738184452057,0.32086169719696045,0.3560950458049774,0.31611835956573486,-0.6478964686393738,-0.1437658667564392,-0.5688797831535339,-0.32196322083473206,0.476366251707077,0.5789973735809326,0.23631806671619415,0.56583571434021,-0.1736489087343216,-0.6299784183502197,0.582001268863678,-0.3597484529018402,0.003676476189866662,0.4866788983345032,-0.30254030227661133,-0.34085094928741455,-0.006830501835793257,0.6873085498809814,0.6473791003227234,-0.532450258731842,-0.5444321632385254,0.6782530546188354,-0.09472768008708954,0.2709271013736725,-0.13958130776882172,-0.7324423789978027,0.27065932750701904,-0.28062576055526733,-0.08492802083492279,0.10470503568649292,0.33018597960472107,-0.6407631635665894,0.5683808922767639,0.03985049948096275,0.023426691070199013,0.5851860046386719,-0.004771270789206028,-0.5146389007568359,-0.21261927485466003,0.37267962098121643,0.21614773571491241,-0.5217632055282593,0.575018048286438,-0.4217188060283661,-0.23995020985603333,-0.30999746918678284,0.5410099625587463,-0.6914073824882507,-0.337951123714447,0.12783309817314148,0.034640341997146606,0.6051272749900818,0.014121021144092083,-0.3063274919986725,-0.25957825779914856,0.714194118976593,-0.5048085451126099,0.5783494710922241,0.5128722190856934,-0.08117180317640305,-0.0713735818862915,-0.4769284427165985,-0.3879072666168213,0.5998657941818237,-0.11007735133171082,0.4349121153354645,-0.2644771635532379,0.14279137551784515,0.6574188470840454,-0.43416979908943176,-0.29285669326782227,0.22646965086460114,0.429612934589386,0.03746563568711281,-0.33685430884361267,0.1698591560125351,-0.6077329516410828,-0.27600374817848206,-0.3303457200527191,-0.6534356474876404,-0.45259854197502136,0.719703733921051,-0.265059232711792,-0.570159912109375,0.3294975161552429,0.6437637805938721,-0.14673104882240295,-0.08313643932342529,-0.5836660265922546,0.656356930732727,-0.32144895195961,-0.015215549618005753,-0.4748985469341278,0.2589060068130493,0.14569243788719177,0.5674619674682617,0.276274174451828,-0.4244878590106964,-0.11746872961521149,0.5434502959251404,-0.35452941060066223,-0.4001639187335968,0.5268248915672302,-0.046258293092250824,0.6202959418296814,0.14323893189430237,-0.7117432355880737,0.04463215172290802,-0.27119553089141846,0.016764450818300247,0.6064131855964661,-0.32987886667251587,-0.13757792115211487,-0.1962408870458603,-0.3345632553100586,-0.5240432024002075,0.6328335404396057,0.025083791464567184,-0.12259538471698761,-0.5642946362495422,0.6549254059791565,-0.2283696085214615,-0.09850620478391647,-0.49271130561828613,-0.44643473625183105,-0.2922757565975189,0.6264343857765198,-0.14659203588962555,0.6276366114616394,-0.16581670939922333,0.5902608633041382,-0.556439995765686,0.6876444220542908,0.2699643671512604,0.3960976302623749,0.5711279511451721,-0.16859175264835358,-0.089683398604393,0.6068204641342163,0.328854501247406,0.39139968156814575,-0.6159681081771851,0.3000849187374115,0.26738134026527405,0.276787668466568,0.24933376908302307,-0.5828272104263306,-0.0722026526927948,-0.3393736183643341,0.29252010583877563,-0.17767493426799774,0.3707488477230072,-0.22408537566661835,-0.23519034683704376,0.6906401515007019,-0.17666184902191162,0.2607172727584839,0.6082941293716431,-0.4101925492286682,0.14189933240413666,-0.23521287739276886,0.6388100981712341,-0.10392800718545914,0.03218303620815277,-0.2958981394767761,0.5488369464874268,-0.5148910880088806,0.20198161900043488,0.0201493538916111,0.10525435209274292,0.12607549130916595,-0.6855894923210144,-0.7405818104743958,-0.07048695534467697,0.6208381652832031,-0.7354302406311035,0.6012166738510132,0.09569372981786728,-0.5719414353370667,0.4895423948764801,0.6071917414665222,0.6245455741882324,0.21575027704238892,0.4934437572956085,-0.5115876793861389,-0.40468528866767883,0.33800479769706726,-0.5643792152404785,-0.6442089080810547,-0.07664729654788971,0.5419633984565735,0.6582219004631042,-0.5417136549949646,0.3401337265968323,0.06284534186124802,0.029621299356222153,0.10381916165351868,0.4831564426422119,0.4005243182182312,0.1327604055404663,0.47775256633758545,0.46932944655418396,0.33154982328414917,0.43975716829299927,-0.06390342861413956,0.1640888750553131,0.6058779954910278,-0.30531448125839233,-0.31992432475090027,-0.23117956519126892,-0.0461764819920063,-0.5130813717842102,-0.6276883482933044,0.18506857752799988,0.6132877469062805,-0.3531739115715027,-0.19031397998332977,0.34086957573890686,0.018413061276078224,0.633039116859436,-0.7489114999771118,0.371175080537796,-0.5069050192832947,0.6767135858535767,0.674401044845581,-0.585875928401947,0.408862441778183,-0.7243615984916687,0.2985689342021942,-0.101660817861557,-0.6357964873313904,0.6166104078292847,0.08546378463506699,-0.6745162010192871,-0.6078324317932129,0.04013734310865402,-0.5523784756660461,0.34389814734458923,0.6708281636238098,0.5753110647201538,-0.668822169303894,-0.05893658101558685,0.6821317672729492,-0.009615167044103146,0.40148213505744934,0.4165564775466919,-0.540224015712738,-0.22859002649784088,0.265276700258255,0.7210135459899902,0.6478976011276245,-0.18992307782173157,0.5175603032112122,-0.04398083686828613,0.5902025103569031,0.32719215750694275,-0.39935827255249023,0.35926979780197144,-0.38122063875198364,0.0935453400015831,0.12061425298452377,0.2526845633983612,-0.2654927670955658,-0.7381220459938049,0.5713226795196533,-0.30560019612312317,0.15197041630744934,0.7498602867126465,0.4396798014640808,-0.5345778465270996,-0.6941649317741394,0.09498266130685806,-0.6879600882530212,0.2819571793079376,-0.43820732831954956,0.08651910722255707,0.6183236241340637,0.63704913854599,0.0435858890414238,0.24484828114509583,-0.02953488379716873,-0.23414835333824158,0.021657800301909447,0.007726805750280619,-0.06066695973277092,0.20701219141483307,0.41640153527259827,-0.7070401310920715,-0.6523392796516418,-0.14546112716197968,0.20038089156150818,-0.11782033741474152,0.2959297299385071,0.2335229516029358,-0.3740151524543762,0.6877970099449158,0.24590566754341125,0.08542590588331223,-0.08307337760925293,0.2706257402896881,0.6466259360313416,-0.5869235992431641,-0.1762292981147766,0.07609725743532181,-0.1864021271467209,-0.13255132734775543,0.2092401534318924,-0.040776997804641724,0.3223683834075928,-0.705219566822052,0.42340171337127686,0.046143557876348495,-0.04999503493309021,-0.7415657043457031,-0.7376549243927002,0.1508922129869461,-0.4121056795120239,0.5044146776199341,-0.5463991165161133,-0.439686119556427,0.21784284710884094,0.23471787571907043,0.12410004436969757,-0.2405172884464264,-0.15567870438098907,-0.43788525462150574,0.6542931795120239,0.2775583565235138,0.18400835990905762,0.1178683191537857,-0.4075722098350525,0.735959529876709,0.30577823519706726,0.6236976981163025,-0.4066073000431061,0.6047911643981934,-0.737524688243866,-0.0237115528434515,-0.2804703414440155,-0.5524845123291016,-0.6791889071464539,-0.6830337643623352,-0.7062116265296936,-0.3236471116542816,-0.36390239000320435,0.06976937502622604,-0.5798500776290894,-0.14185145497322083,-0.10642668604850769,0.6078712940216064,0.13615290820598602,-0.4959482252597809,-0.42724817991256714,-0.39042365550994873,0.10061753541231155,0.10240856558084488,0.3471972644329071,-0.12986285984516144,-0.5552756190299988,0.7201237678527832,-0.08555810153484344,-0.41740480065345764,-0.5425013303756714,-0.3738013505935669,-0.5039607286453247,-0.5610100626945496,-0.32428064942359924,-0.25112178921699524,-0.47793033719062805,-0.1653270274400711,0.4853980839252472,-0.6460614800453186,-0.13047747313976288,-0.7470729351043701,-0.5951522588729858,0.6133274435997009,0.06636609882116318,-0.5371586084365845,0.09358258545398712,-0.00794928427785635,-0.025773728266358376,-0.5906738638877869,-0.23140133917331696,0.06943826377391815,-0.4748237729072571,0.047895342111587524,0.3810863792896271,0.4548681676387787,0.6028436422348022,0.41537582874298096,-0.08191153407096863,-0.6916587948799133,0.17427094280719757,0.4594845473766327,-0.2908993363380432,-0.6066170334815979,0.2789979577064514,-0.6963214874267578,-0.6107337474822998,-0.29983648657798767,0.2129206657409668,0.24273847043514252,-0.7014989256858826,-0.21580468118190765,-0.7387426495552063,0.5007060766220093,-0.4444836676120758,-0.6583530306816101,-0.49264952540397644,-0.1256914883852005,0.6046322584152222,-0.5864093899726868,0.4395713806152344,0.4544413089752197,-0.2873513400554657,0.35824054479599,0.5952557325363159,-0.37379196286201477,0.6245357394218445,0.26221752166748047,0.514186441898346,-0.05299773067235947,0.2390100210905075,-0.6932048797607422,0.14686107635498047,-0.5176805853843689,0.7152939438819885,-0.04388892278075218,0.2961486876010895,0.6768326759338379,0.2048366367816925,-0.4261329770088196,0.7094922065734863,0.24790725111961365,-0.35948094725608826,0.692767858505249,0.18967027962207794,0.186171755194664,0.7479013800621033,0.021626248955726624,0.06700143963098526,0.4018964171409607,-0.22517600655555725,0.13359107077121735,0.5520394444465637,0.5675026178359985,0.4887011647224426,0.08789663016796112,0.5601673722267151,0.2457619458436966,-0.655285120010376,-0.5796599388122559,-0.3925464451313019,0.14334341883659363,0.5958470702171326,-0.20066365599632263,0.5500348210334778,0.06811930984258652,-0.25630447268486023,-0.7409340739250183,-0.0500626377761364,-0.5757103562355042,-0.5545210242271423,-0.1160338744521141,-0.6660736799240112,0.17923453450202942,-0.4798886179924011,-0.2267829328775406,-0.5146153569221497,-0.3409139811992645,-0.39919209480285645,0.49759823083877563,0.44192856550216675,-0.32355746626853943,0.15801873803138733,0.22402101755142212,-0.015247933566570282,-0.13920946419239044,0.4341290295124054,0.08841527253389359,-0.20375405251979828,-0.6342180371284485,-0.051741573959589005,-0.4271344840526581,0.3101297914981842,0.02269630879163742,0.26876699924468994,0.6661116480827332,0.5782738924026489,-0.4766874313354492,-0.14572349190711975,0.347858190536499,-0.6539567708969116,0.30122479796409607,0.061036285012960434,0.09520760923624039,-0.27025771141052246,-0.27640634775161743,-0.1524040251970291,0.34598568081855774,0.3803700804710388,-0.46059414744377136,0.1825777292251587,-0.2995532751083374,-0.3334537446498871,-0.13454914093017578,0.527595579624176,0.734358012676239,-0.25630098581314087,0.4469815790653229,0.20595692098140717,-0.5087426900863647,0.4878329634666443,0.5929861664772034,0.4600408971309662,0.08669590204954147,0.27033066749572754,0.17828914523124695,0.014425786212086678,-0.5316411852836609,-0.22074811160564423,-0.07385938614606857,-0.012469799257814884,-0.4153362512588501,-0.3903053104877472,0.11439371109008789,0.030644143000245094,0.6944450736045837,0.7049846649169922,-0.7027803063392639,-0.5766676068305969,0.18737390637397766,-0.21106091141700745,-0.70127934217453,-0.6967766284942627,0.2391154021024704,0.4472614824771881,0.1112741231918335,0.5441759824752808,0.6653985977172852,-0.10783155262470245,0.6761001944541931,-0.1138824075460434,-0.5244640111923218,-0.17200596630573273,-0.509009599685669,-0.663060188293457,-0.7377055883407593,-0.309950590133667,-0.22617144882678986,-0.14076471328735352,-0.06946220993995667,-0.4267946183681488,0.27693113684654236,0.3454059362411499,0.07477769255638123,-0.07517826557159424,0.7090877890586853,0.5978618264198303,-0.13499943912029266,-0.006856419611722231,-0.11767849326133728,0.5124932527542114,-0.5435895919799805,-0.6431182622909546,-0.7287197709083557,0.08453928679227829,0.12799645960330963,0.1666070818901062,-0.5061134696006775,0.33088651299476624,-0.7467939257621765,0.31244802474975586,0.6719908714294434,0.5032140016555786,0.23261478543281555,0.38717183470726013,0.2711767852306366,-0.4183162450790405,0.2077505886554718,-0.008196784183382988,0.10973955690860748,0.07760795205831528,-0.14371103048324585,-0.1265527307987213,-0.31266528367996216,-0.20776212215423584,-0.6651778817176819,-0.08594682067632675,0.6191715002059937,0.47556647658348083,-0.3508961498737335,0.6556299924850464,-0.12057264149188995,-0.6574236750602722,-0.23702894151210785,-0.042743582278490067,-0.2990908920764923,-0.7277659773826599,0.6069692969322205,0.08502104133367538,0.5350121259689331,0.3839537799358368,0.26672884821891785,0.6572151184082031,0.527863621711731,0.4647634029388428,0.044862087815999985,0.6397168040275574,-0.4460887908935547,0.019414203241467476,0.3577759563922882,0.2748410105705261,0.4784811735153198,0.6705183386802673,-0.6797648072242737,-0.5396193265914917,-0.6683973670005798,-0.5376111268997192,-0.715660572052002,-0.2249722182750702,-0.1405375897884369,-0.26828667521476746,0.6983534693717957,0.44524893164634705,-0.02712882310152054,0.7424914836883545,-0.5225905179977417,0.1392184942960739,-0.2524648606777191,0.6844068169593811,0.12662047147750854,-0.05736350268125534,-0.604019045829773,0.043336644768714905,0.7418314814567566,-0.4623832404613495,-0.04229777678847313,-0.33472904562950134,-0.3903542757034302,-0.49586811661720276,-0.21060916781425476,0.6536683440208435,0.37601569294929504,0.26657745242118835,0.5700041651725769,0.6100679039955139,0.2353096306324005,-0.0458734855055809,-0.4762325882911682,-0.18277131021022797,0.21532970666885376,0.10706134885549545,0.6781525015830994,-0.6198935508728027,-0.2970408797264099,-0.5922725200653076,-0.23424415290355682,-0.7288427948951721,-0.009989459998905659,0.1240711361169815,-0.044159747660160065,0.19809585809707642,0.5081254243850708,0.0046911342069506645,0.040511999279260635,-0.06582964211702347,-0.2585519552230835,-0.44648274779319763,-0.4746008813381195,-0.38031578063964844,0.22031468152999878,-0.4933314621448517,-0.5214478969573975,-0.2196030616760254,-0.6539031267166138,0.275860071182251,-0.6298221349716187,0.1574568748474121,0.7174524068832397,-0.7062563300132751,-0.24197465181350708,0.1781936138868332,0.04908710718154907,-0.1329236775636673,-0.6721813678741455,0.0907466784119606,-0.26805245876312256,0.49135684967041016,-0.20212765038013458,0.07979610562324524,0.5002293586730957,0.6296470165252686,0.7496867179870605,-0.2226787805557251,0.6841831207275391,-0.559901773929596,-0.6975640654563904,-0.33793848752975464,-0.2848392426967621,0.06736651062965393,-0.26134079694747925,-0.5562090277671814,0.02318074181675911,0.7150035500526428,-0.01615292951464653,-0.301031231880188,0.7032535672187805,0.1505097895860672,-0.39143437147140503,-0.5602545738220215,-0.3579128384590149,-0.1267855316400528,0.2039555311203003,-0.7388247847557068,0.1612425297498703,-0.4229942262172699,-0.720088541507721,0.5094749331474304,-0.7139131426811218,0.1940011978149414,0.22709321975708008,-0.7268235087394714,-0.6718361377716064,0.41258925199508667,0.4397609531879425,-0.07768455147743225,0.08762721717357635,-0.2008688747882843,0.5280460715293884,0.4804346263408661,-0.028951480984687805,0.09959281980991364,-0.40594032406806946,-0.19714060425758362,0.5530874729156494,0.3357154130935669,0.450823038816452,0.1341119408607483,0.17685467004776,0.0762811005115509,-0.1335134506225586,-0.5799338817596436,0.16940553486347198,0.4187009036540985,-0.09963510185480118,-0.252502977848053,-0.5043283104896545,0.6522950530052185,0.4579724967479706,-0.02975807897746563,0.4931440055370331,-0.289786696434021,-0.5152221918106079,-0.6648777723312378,-0.5998135805130005,0.1147044450044632,-0.03972122445702553,0.026333417743444443,0.7061523795127869,-0.6987038850784302,0.5886709094047546,0.33807456493377686,0.693318247795105,-0.013152150437235832,0.42109373211860657,0.43748846650123596,0.5775821805000305,0.19128602743148804,-5.034049536334351e-05,-0.45381051301956177,0.39657869935035706,0.46649089455604553,0.17682600021362305,-0.5511972308158875,-0.08112750202417374,0.6451597213745117,-0.43558213114738464,-0.746163547039032,0.5288515090942383,-0.6141477227210999,0.49940958619117737,-0.04509180039167404,-0.5453828573226929,-0.13692273199558258,0.3833717405796051,-0.7263686656951904,0.14568647742271423,0.024182986468076706,-0.39663633704185486,-0.337963342666626,0.21137578785419464,-0.5718963146209717,-0.7442360520362854,0.42084017395973206,-0.0765414610505104,-0.12889935076236725,0.22342988848686218,-0.7229808568954468,0.1818113923072815,-0.2412533313035965,0.23863208293914795,-0.16131559014320374,-0.6897816061973572,-0.22003231942653656,-0.6975394487380981,0.3785853683948517,0.4249880909919739,-0.5141963958740234,0.12783096730709076,0.19866293668746948,-0.11390946805477142,0.4780033826828003,0.24193009734153748,-0.03324061259627342,-0.19573165476322174,-0.4717319905757904,0.6416721343994141,0.4628394842147827,-0.5255075097084045,-0.47444069385528564,0.3998245298862457,-0.6008645296096802,-0.7138987183570862,-0.27657055854797363,-0.2040189951658249,0.32293593883514404,-0.4812903106212616,-0.4309162497520447,-0.6066097617149353,-0.6912241578102112,-0.5134539008140564,0.31866568326950073,0.5629985928535461,0.03155841678380966,0.6810317635536194,-0.7413467168807983,0.637469470500946,-0.031253889203071594,-0.2467471808195114,0.4272933602333069,0.7279040813446045,-0.14897538721561432,-0.5349123477935791,-0.09815125167369843,-0.41006702184677124,0.4923931062221527,-0.5125479102134705,0.643891453742981,0.6252175569534302,-0.26576298475265503,-0.5121572613716125,0.6652894616127014,0.3977184593677521,0.37372615933418274,0.25324398279190063,-0.1094295084476471,0.5177671313285828,-0.5299050211906433,0.4149685502052307,0.49591365456581116,-0.31065383553504944,0.07577510923147202,-0.36134228110313416,-0.3187057077884674,0.4815370440483093,-0.42470693588256836,-0.73748779296875,0.6371772289276123,0.1387050896883011,0.655293345451355,-0.1732311099767685,0.6879971623420715,-0.5879232883453369,-0.6983954310417175,-0.3373035788536072,0.4548959732055664,0.4387481212615967,-0.7376335859298706,0.4311808943748474,-0.6908733248710632,-0.6320586204528809,0.39885687828063965,0.47070324420928955,0.6511707305908203,0.26081135869026184,-0.3730713427066803,-0.41217041015625,-0.18462687730789185,0.631782591342926,-0.08923756331205368,0.46337568759918213,0.49994388222694397,-0.44056203961372375,-0.04066701605916023,0.6498300433158875,-0.4884955585002899,-0.35749322175979614,-0.1889435350894928,0.5870424509048462,-0.002870207419618964,0.21441860496997833,0.0593823604285717,0.441307008266449,0.1691698133945465,-0.011437253095209599,-0.697568416595459,-0.6538111567497253,0.22594039142131805,-0.3381350338459015,-0.6920775175094604,-0.718902587890625,0.6605421900749207,-0.5850580930709839,-0.19907473027706146,-0.3072861135005951,0.5235202312469482,0.11637211591005325,0.004736987873911858,0.010651454329490662,-0.02220349945127964,0.5385717153549194,-0.23966117203235626,-0.12114819139242172,-0.60365891456604,-0.7448590993881226,0.24309635162353516,0.016638651490211487,-0.0019869955722242594,-0.0448853000998497,0.2448832243680954,-0.34128057956695557,0.41451194882392883,-0.39922115206718445,0.6128770709037781,-0.3294130265712738,-0.14783887565135956,-0.6208774447441101,0.6967923045158386,-0.24312937259674072,0.31874147057533264,-0.4601215720176697,-0.5583580136299133,0.30437541007995605,-0.5135960578918457,-0.36383718252182007,0.20603851974010468,0.4684917628765106,-0.39886558055877686,0.5492594242095947,-0.2739391326904297,0.1712789386510849,-0.2485971748828888,-0.6604906916618347,-0.172518789768219,-0.673676073551178,0.6172532439231873,-0.6531395316123962,0.18651215732097626,-0.5103808045387268,-0.001997593091800809,0.30844902992248535,-0.7245451807975769,0.06360962241888046,-0.7460585236549377,0.5136334300041199,-0.16115529835224152,0.42279383540153503,0.6555393934249878,0.6898484230041504,-0.13685303926467896,0.6244468092918396,-0.559201180934906,0.4545762836933136,0.663158118724823,-0.015786800533533096,0.6914393305778503,0.18061663210391998,0.39983895421028137,0.2570752203464508,0.10398519784212112,-0.4632932245731354,0.384843647480011,-0.634831964969635,0.48363688588142395,-0.7329396605491638,0.6676373481750488,0.11342708766460419,-0.38503655791282654,0.48416993021965027,-0.25866004824638367,-0.22320778667926788,-0.45303747057914734,-0.6730165481567383,0.6859243512153625,-0.46779295802116394,0.45014142990112305,0.3922971487045288,-0.524003803730011,-0.016127154231071472,-0.37834200263023376,0.2337951958179474,-0.36765965819358826,0.2259538769721985,0.6508544087409973,-0.1704457849264145,-0.49942412972450256,0.4992131292819977,0.1545344591140747,0.33917170763015747,-0.32465094327926636,0.6952394843101501,0.29312199354171753,0.16783112287521362,0.33594053983688354,-0.17871816456317902,-0.20487090945243835,-0.34822434186935425,-0.648384153842926,0.7366731762886047,0.4593985676765442,0.7412689328193665,-0.075401172041893,0.5206477046012878,0.4650328755378723,0.1788957118988037,0.09539220482110977,-0.5098944306373596,0.3093641400337219,-0.5872898697853088,0.3434828519821167,0.06808198243379593,0.24904389679431915,0.3861820697784424,0.059676643460989,0.24798583984375,0.3053714334964752,0.05645334720611572,-0.4695679545402527,-0.6049141883850098,0.05290534719824791,0.13826976716518402,-0.04897566884756088,0.2722902297973633,0.6916620135307312,-0.2863178849220276,-0.5327069759368896,-0.5296042561531067,-0.31734415888786316,0.22163060307502747,-0.42864638566970825,0.1590486466884613,-0.6321182250976562,0.5861004590988159,0.46816763281822205,-0.06140764802694321,0.09743086993694305,0.15824922919273376,0.5631635189056396,0.0841718390583992,-0.648392915725708,0.3948711156845093,0.24795201420783997,0.035146139562129974,0.5016207695007324,-0.06901008635759354,-0.31383442878723145,-0.7134773135185242,-0.5347354412078857,0.5865224599838257,-0.20147094130516052,-0.4385634660720825,-0.3601362407207489,0.4306522011756897,-0.47304922342300415,0.08286982029676437,-0.37075522541999817,-0.2727932631969452,0.5695517659187317,-0.20712269842624664,0.6283273100852966,0.05073130130767822,0.1011485904455185,-0.09514725208282471,0.44663915038108826,-0.36377477645874023,0.6890160441398621,0.28412994742393494,-0.48308008909225464,-0.08784743398427963,-0.07300931960344315,-0.4975639581680298,-0.43768391013145447,-0.5207812786102295,0.20666514337062836,0.18809495866298676,0.33668622374534607,-0.6413131952285767,-0.6952603459358215,0.12078969180583954,-0.11544013768434525,-0.35827669501304626,0.6597718000411987,-0.3668382465839386,0.32304495573043823,0.47825878858566284,-0.3634145259857178,0.10617958009243011,-0.7043642997741699,0.4690851867198944,-0.6761380434036255,0.07524322718381882,-0.34530502557754517,0.6239975094795227,-0.6464933753013611,0.2652378976345062,0.48314160108566284,0.515302300453186,0.32311657071113586,-0.290189266204834,0.6355933547019958,0.5469523072242737,0.1035182923078537,0.3383980989456177,0.293986976146698,-0.3408704102039337,-0.5504656434059143,-0.6482305526733398,0.5838397741317749,0.40997424721717834,-0.3529147803783417,-0.23638255894184113,0.7381583452224731,-0.13230212032794952,-0.5310801267623901,-0.1138378456234932,0.3808467388153076,-0.445572167634964,-0.4672031104564667,-0.6620131134986877,-0.09113156050443649,-0.3024178445339203,-0.2348659634590149,-0.20414012670516968,0.5245726704597473,-0.4500133693218231,-0.3024434745311737,0.33761265873908997,0.29928475618362427,0.4143020212650299,-0.0026473691686987877,-0.29242509603500366,0.17240220308303833,-0.30503684282302856,-0.4074874222278595,-0.6094813942909241,0.5767245292663574,-0.17639149725437164,0.3060406744480133,0.2173808068037033,0.19664080440998077,-0.19397912919521332,0.3325175344944,0.08516622334718704,-0.6162563562393188,0.15983662009239197,-0.06876125931739807,0.13751906156539917,-0.3359277844429016,0.36199676990509033,-0.6589545607566833,-0.010250731371343136,-0.41211438179016113,-0.5504003167152405,0.47667551040649414,0.2286682426929474,0.20204827189445496,0.13609181344509125,-0.29124078154563904,0.16885456442832947,0.51081782579422,-0.5134105682373047,-0.02788732945919037,-0.3355129659175873,-0.5817641615867615,-0.29109683632850647,-0.6332551836967468,-0.22547391057014465,0.5597919821739197,0.4052797257900238,-0.342637836933136,-0.7058551907539368,0.2069675624370575,-0.1298796534538269,-0.23745760321617126,0.6598842144012451,0.6710965037345886,-0.4338894188404083,-0.6118039488792419,-0.5093356966972351,0.1644664853811264,-0.5797663331031799,-0.6472592353820801,-0.40416374802589417,-0.25603944063186646,0.7042846083641052,-0.19053269922733307,0.44073572754859924,-0.6955106258392334,0.7299162745475769,0.40461599826812744,-0.7049134969711304,0.4340711832046509,0.6920373439788818,0.09522724896669388,-0.7421931624412537,0.4573266804218292,-0.058983754366636276,-0.6187936067581177,-0.036901284009218216,0.6395247578620911,0.46452197432518005,-0.308165043592453,-0.6115643978118896,-0.4415677487850189,-0.18431499600410461,0.5252745747566223,0.48691055178642273,0.2163207083940506,-0.5989541411399841,0.5073704719543457,0.23517204821109772,0.320745050907135,0.5629715919494629,-0.7304148077964783,0.14865180850028992,-0.06443638354539871,0.14945027232170105,-0.5113378763198853,-0.33811983466148376,-0.6226999163627625,-0.4574117660522461,0.692696213722229,0.5663008689880371,0.5080344676971436,-0.6474904417991638,0.14549773931503296,0.5240599513053894,0.07174355536699295,0.002480720169842243,-0.6860299706459045,0.2874758541584015,0.38470420241355896,-0.3700729012489319,-0.28716039657592773,0.5320197343826294,-0.43421825766563416,0.0066034793853759766,-0.5281308889389038,0.7115029692649841,0.35994574427604675,-0.23524652421474457,0.015708323568105698,-0.6287161111831665,-0.5790059566497803,-0.47676464915275574,0.37068507075309753,0.6895414590835571,-0.7446252107620239,0.4039212465286255,0.029736775904893875,0.5313715934753418,-0.5295830368995667,0.693166196346283,-0.40507933497428894,-0.7481949329376221,-0.2060035616159439,-0.08190161734819412,0.05515953153371811,0.26006820797920227,0.6732259392738342,-0.4209423065185547,-0.737704873085022,-0.2837923467159271,0.37449195981025696,-0.26736709475517273,-0.2608686685562134,-0.6661081314086914,0.5189202427864075,0.26504379510879517,0.3431706130504608,0.279461532831192,0.7486363649368286,-0.11611426621675491,0.1703275740146637,-0.16622598469257355,0.36674001812934875,-0.5991770029067993,0.1355907917022705,0.05914880335330963,-0.37769073247909546,-0.7091586589813232,-0.6379644274711609,-0.029524249956011772,0.43504372239112854,0.04259006679058075,0.6649525165557861,0.7215444445610046,0.6758705377578735,-0.19929005205631256,-0.10311251133680344,-0.174911767244339,-0.4956401288509369,0.31102997064590454,0.5796819925308228,0.19126702845096588,0.28475767374038696,0.7319093942642212,0.586621880531311,-0.04462176188826561,-0.07998911291360855,0.41270777583122253,0.7090427875518799,-0.35049235820770264,-0.41972705721855164,-0.14362859725952148,-0.0804319679737091,-0.5952445864677429,-0.11430340260267258,-0.1299697607755661,-0.24714124202728271,0.05862885341048241,0.49830883741378784,-0.05677250027656555,-0.6565791964530945,-0.5075314044952393,0.04242897033691406,-0.6880710124969482,0.1378452628850937,-0.6882671117782593,0.1056603342294693,-0.3048783540725708,0.10799426585435867,-0.4017799496650696,0.7270891070365906,0.09351100027561188,0.3097440302371979,0.15419511497020721,-0.6325091123580933,-0.7027722001075745,-0.5968237519264221,-0.15866169333457947,0.0822402760386467,-0.638350784778595,0.2460078001022339,-0.49611011147499084,-0.6378936767578125,0.43427643179893494,0.3247200846672058,0.5287913680076599,-0.34010252356529236,0.5067715048789978,-0.7446562647819519,0.21114052832126617,0.049757737666368484,0.6098648905754089,-0.7224904298782349,0.5116829872131348,0.3572932779788971,-0.015531390905380249,-0.3591117560863495,0.579532265663147,0.34382376074790955,0.05922376364469528,-0.21153806149959564,-0.07341033965349197,0.2702225148677826,0.12702442705631256,-0.3532746732234955,-0.19892819225788116,0.03502953052520752,0.4356618821620941,0.14288392663002014,0.49594056606292725,-0.24454401433467865,-0.2340419888496399,0.3374154567718506,0.46972811222076416,-0.38612326979637146,-0.2792680263519287,-0.10751236975193024,-0.22611793875694275,-0.20919422805309296,-0.09016956388950348,-0.46154433488845825,0.3530442416667938,0.3387121260166168,-0.6680958271026611,-0.1658574491739273,0.718639075756073,-0.09172557294368744,-0.39097023010253906,-0.5580157041549683,0.1740128993988037,-0.7291961908340454,-0.32664817571640015,-0.0421622134745121,-0.6250710487365723,-0.046954765915870667,-0.4894217252731323,-0.5514732003211975,-0.3091891407966614,-0.49239182472229004,-0.11000113934278488,-0.6193280816078186,-0.20126496255397797,-0.0361224003136158,0.36455339193344116,0.31496551632881165,0.675524115562439,-0.22225411236286163,0.03414488956332207,0.09334856271743774,0.3824373185634613,0.2925611436367035,-0.33224397897720337,-0.5576172471046448,-0.6130492091178894,-0.1098049208521843,-0.6267574429512024,0.2624335289001465,-0.497561514377594,-0.6080355048179626,-0.6733267307281494,0.025257663801312447,0.3252573013305664,0.44837579131126404,0.12815430760383606,0.6240853071212769,-0.06995034962892532,-0.7190847992897034,0.5360650420188904,-0.7050209641456604,-0.6074845790863037,-0.581800103187561,0.6332354545593262,0.40430596470832825,-0.6743749976158142,0.013596811331808567,-0.26803261041641235,-0.4527808427810669,-0.35693633556365967,-0.22871752083301544,-0.6382011771202087,-0.07534398138523102,0.04507670924067497,-0.5640532374382019,0.03404998406767845,-0.273066908121109,0.228268563747406,0.12094707787036896,-0.367013156414032,-0.021659618243575096,-0.37739643454551697,0.3329630494117737,0.45347118377685547,0.03634510189294815,0.0060489606112241745,0.40664762258529663,0.6625807285308838,-0.18226061761379242,0.034727614372968674,-0.6385400891304016,-0.49325767159461975,0.21460303664207458,-0.5909342765808105,-0.699924111366272,-0.7480323314666748,0.2238011658191681,-0.48993879556655884,0.07872050255537033,-0.6499882936477661,0.21030424535274506,0.0765087753534317,-0.0940219834446907,-0.58519446849823,0.30280596017837524,0.3513146936893463,0.6963374614715576,-0.6200852990150452,-0.4100116491317749,-0.4629383385181427,-0.3692498803138733,-0.5764697194099426,0.4897756278514862,-0.03951947018504143,-0.4980206787586212,0.296578973531723,0.42171651124954224,0.6919959187507629,-0.10021484643220901,0.041984472423791885,0.0462442971765995,0.497010737657547,-0.48688289523124695,-0.6501498222351074,-0.1737760454416275,0.538596510887146,0.34332793951034546,-0.36699628829956055,0.23553353548049927,-0.682112991809845,0.7455306649208069,0.15432903170585632,0.08882710337638855,-0.6916046738624573,-0.2365826517343521,-0.6488332748413086,-0.19332553446292877,-0.10827314853668213,-0.2755528390407562,0.29750800132751465,-0.7158464193344116,-0.5740271806716919,0.08224433660507202,-0.7394731044769287,0.45695507526397705,-0.3888864815235138,-0.021349364891648293,-0.5180678963661194,-0.1787593513727188,-0.12403543293476105,0.3111169636249542,-0.6749366521835327,0.18094152212142944,-0.34605810046195984,-0.5671619772911072,0.3647562861442566,0.1943453997373581,0.10802293568849564,0.3754251301288605,0.16976715624332428,-0.7334986925125122,-0.7172588109970093,0.2252425253391266,-0.19786079227924347,-0.27504515647888184,-0.06227005273103714,-0.7168600559234619,0.6377623081207275,-0.3390422463417053,-0.2349095195531845,0.56458979845047,-0.7209710478782654,-0.6787992715835571,-0.6276196241378784,0.26216986775398254,-0.05258237197995186,-0.358224093914032,-0.29164019227027893,-0.1370108723640442,-0.05477315932512283,-0.40677741169929504,0.48461660742759705,0.2654733955860138,0.1088595762848854,-0.7351164221763611,0.2965277433395386,0.04838229715824127,-0.34746643900871277,0.037429455667734146,0.2257365882396698,-0.15627872943878174,-0.4439913034439087,-0.6328115463256836,-0.3977212607860565,-0.24048840999603271,-0.49634888768196106,-0.3196851313114166,-0.28177404403686523,-0.41038939356803894,-0.14260146021842957,-0.06597787141799927,0.6993139386177063,0.5827377438545227,0.5555819869041443,-0.31843021512031555,0.20184798538684845,0.1303287297487259,-0.5994908213615417,-0.3725007474422455,0.12058722227811813,-0.6551699638366699,0.40657708048820496,-0.1028851717710495,0.10449060052633286,-0.4006406366825104,0.31810295581817627,0.5304588079452515,-0.3805387020111084,-0.04525018110871315,0.33276239037513733,-0.42135459184646606,-0.4446563422679901,0.6517264246940613,0.35573431849479675,-0.5342344641685486,0.5059805512428284,0.7336270213127136,-0.35833778977394104,-0.08401346206665039,-0.23028305172920227,0.4802410304546356,-0.1871965378522873,-0.03423415496945381,-0.17533375322818756,-0.35118532180786133,-0.5552327036857605,-0.3212360739707947,-0.13190145790576935,-0.27544090151786804,0.5616346597671509,0.25800788402557373,-0.40830734372138977,-0.5583953857421875,0.6230111122131348,-0.7255102396011353,0.728849470615387,0.03749767318367958,-0.4747427999973297,0.6226258873939514,-0.2730489671230316,-0.7433976531028748,0.09174440801143646,0.5265392661094666,0.6539680361747742,-0.07835288345813751,-0.4951881468296051,-0.06770633161067963,-0.41295191645622253,-0.5482259392738342,-0.18772487342357635,0.7149430513381958,0.006057278253138065,0.47705647349357605,0.08975742757320404,-0.38987377285957336,0.5216892957687378,0.119084432721138,-0.32914963364601135,-0.5304847359657288,0.11242885887622833,-0.07009117305278778,-0.1928563117980957,0.15557636320590973,-0.2080988883972168,-0.35866740345954895,0.5640645027160645,0.3995767831802368,0.5277291536331177,-0.1977987140417099,0.7358834743499756,-0.12088245153427124,-0.6836593747138977,-0.44849637150764465,0.48815664649009705,-0.6597026586532593,0.48827609419822693,0.0570499487221241,-0.4048512578010559,0.19106900691986084,0.43285176157951355,0.6727392673492432,-0.551990270614624,-0.11044709384441376,-0.20978420972824097,-0.5886478424072266,-0.30485981702804565,-0.7214145660400391,0.5960267782211304,-0.48339515924453735,-0.32907813787460327,0.4462308883666992,0.6187524795532227,-0.5333775281906128,-0.5397759675979614,-0.033471740782260895,-0.13563832640647888,-0.3133086562156677,-0.3928047716617584,0.0016508758999407291,-0.192151740193367,-0.15635332465171814,-0.22824832797050476,-0.5636711120605469,-0.37335705757141113,-0.020393870770931244,-0.17080871760845184,0.6074381470680237,-0.32625705003738403,0.33595025539398193,-0.4119877815246582,-0.7406376600265503,-0.7401725053787231,-0.6185271739959717,-0.372260719537735,0.6580069065093994,-0.4314693212509155,-0.7154948115348816,0.4305204153060913,-0.5566986203193665,-0.5449868440628052,0.40384089946746826,-0.47353801131248474,0.23325949907302856,0.21626046299934387,-0.05566906929016113,-0.15949253737926483,-0.4071234464645386,-0.2983848452568054,-0.6267073750495911,-0.07551996409893036,-0.5820071697235107,-0.05337957665324211,-0.5525017380714417,-0.039256058633327484,-0.27162379026412964,-0.7495158314704895,0.6607195138931274,0.45690423250198364,-0.18968264758586884,-0.19834576547145844,0.1596914380788803,0.0888839066028595,-0.0197878647595644,0.3638308346271515,0.7088008522987366,-0.415192574262619,-0.012988537549972534,-0.6358656883239746,0.4052107334136963,-0.17286981642246246,0.3624590039253235,0.32896700501441956,-0.6232810020446777,0.7152020335197449,-0.02230192720890045,-0.4102995693683624,-0.20323294401168823,0.46562913060188293,0.7178933620452881,-0.7249571681022644,0.25995486974716187,-0.3364616930484772,-0.3920029103755951,0.509426474571228,0.6015035510063171,-0.7128288745880127,-0.42082494497299194,-0.5669854879379272,0.19196026027202606,0.05418728291988373,-0.5975335836410522,-0.34938427805900574,0.6367157101631165,-0.7286205291748047,0.7387939691543579,-0.3568492829799652,-0.7017977833747864,0.4729965627193451,0.07405345141887665,0.031283505260944366,0.1822117418050766,-0.3685649633407593,-0.44399306178092957,-0.2219713032245636,0.6872060298919678,-0.5971986651420593,0.513774037361145,0.2798742651939392,-0.4036787748336792,-0.3411744236946106,0.10061383247375488,0.33573564887046814,-0.10818050056695938,0.23383815586566925,0.18963535130023956,0.691223680973053,0.6818508505821228,0.6254845857620239,-0.0709858313202858,0.290348619222641,-0.6723586320877075,-0.21637466549873352,-0.26046520471572876,-0.5119209289550781,-0.2664650082588196,0.0711187943816185,-0.13513296842575073,-0.0274317879229784,-0.5152507424354553,0.23988740146160126,-0.13987557590007782,0.3382412791252136,-0.7393231391906738,0.7448764443397522,-0.07957939803600311,-0.24869689345359802,0.08613413572311401,0.16499054431915283,0.2949887216091156,-0.33103159070014954,0.599114179611206,0.5058342814445496,0.5982378721237183,-0.5823884606361389,0.6261881589889526,-0.7245078682899475,-0.09768714010715485,0.43916723132133484,0.5104679465293884,0.6702466011047363,0.6674430966377258,-0.03620874881744385,-0.3847167193889618,-0.5865603089332581,-0.7141503691673279,0.3915588855743408,0.6834821105003357,-0.31495141983032227,-0.4415685534477234,-0.24154211580753326,0.7166926264762878,-0.5224364995956421,-0.6111561059951782,-0.17105163633823395,0.26585114002227783,0.40315231680870056,0.4934021532535553,-0.39280375838279724,0.3249085545539856,-0.32786038517951965,-0.5907068848609924,0.7252417802810669,0.6041117310523987,-0.19038377702236176,-0.36716458201408386,-0.640015184879303,0.051294732838869095,0.43583235144615173,-0.1691136658191681,0.5802827477455139,-0.6075358986854553,0.6028741598129272,0.28435802459716797,-0.16491101682186127,-0.670276403427124,-0.49694982171058655,0.728710412979126,0.6454877257347107,-0.17363779246807098,0.034991830587387085,-0.143006831407547,0.08386532962322235,-0.6425918936729431,0.0693485215306282,0.37793052196502686,0.042671043425798416,-0.34688958525657654,-0.4280995726585388,0.5580289959907532,0.6561626195907593,-0.6984419226646423,-0.7012470364570618,0.4503421485424042,0.5727311372756958,0.0696696937084198,0.44249239563941956,0.43574392795562744,0.6292425990104675,-0.46548569202423096,-0.02516651712357998,-0.20532889664173126,-0.5116037726402283,0.393815279006958,-0.2838699221611023,-0.5421604514122009,0.21779078245162964,-0.4303402602672577,0.4616093635559082,0.09332887083292007,-0.7476519346237183,0.23471097648143768,-0.47161972522735596,0.004880751483142376,0.6721047759056091,-0.7293053865432739,-0.4237651228904724,0.7360116243362427,-0.10852763801813126,0.20372551679611206,0.19300927221775055,0.1419593244791031,-0.685799241065979,0.11463463306427002,-0.20284408330917358,-0.712007462978363,-0.21704846620559692,0.5924035906791687,-0.7419669032096863,-0.7430797219276428,-0.5181289911270142,0.17536553740501404,0.4748449921607971,0.10738865286111832,-0.06658684462308884,-0.5547196269035339,-0.3551275134086609,-0.5610579252243042,-0.05809001624584198,0.18570351600646973,-0.7273842096328735,-0.696700394153595,0.12313170731067657,-0.1258857548236847,-0.10439219325780869,-0.04244475066661835,-0.4746693968772888,0.5546875596046448,-0.030546724796295166,-0.18296299874782562,-0.2230241894721985,-0.5348743796348572,-0.2988179624080658,-0.3138561546802521,0.3899146616458893,-0.2092515081167221,0.32607734203338623,0.6260585784912109,0.1346023827791214,-0.15369105339050293,-0.05532049015164375,-0.04837029427289963,0.6190648078918457,0.567561686038971,-0.3856160044670105,-0.23641124367713928,-0.4005380868911743,-0.644252359867096,0.23229444026947021,0.024947991594672203,-0.5005510449409485,0.553544282913208,0.578004777431488,-0.6764255166053772,0.424001008272171,-0.0348089374601841,-0.11455303430557251,-0.13274624943733215,0.6802697777748108,0.7166495323181152,-0.2703606188297272,-0.34066250920295715,0.32585209608078003,-0.699451744556427,-0.5239353775978088,0.650919497013092,0.4092908203601837,0.2404458075761795,0.39819979667663574,-0.5758822560310364,0.31026604771614075,0.01835610531270504,-0.14715582132339478,-0.007167124655097723,-0.6319376826286316,0.13711120188236237,-0.3543257713317871,-0.19970585405826569,-0.4393749237060547,-0.023313967511057854,0.5610705614089966,-0.3870081305503845,0.2706657648086548,-0.07024189829826355,-0.05361500009894371,0.06865209341049194,-0.6550171971321106,0.15912234783172607,0.2894706726074219,0.15015332400798798,-0.7099117636680603,-0.07744164019823074,-0.3114612400531769,-0.021445998921990395,-0.53439861536026,-0.0268162339925766,0.6182202100753784,0.5702632069587708,-0.6195049285888672,0.7128545045852661,-0.5629858374595642,-0.02350471168756485,-0.45125719904899597,0.05255087465047836,0.1985427886247635,0.43747183680534363,-0.09382350742816925,-0.10868321359157562,-0.6923106908798218,-0.08437784761190414,-0.44426554441452026,0.6936022639274597,-0.09063073992729187,0.26440224051475525,-0.2131488025188446,0.7149708867073059,-0.07181090861558914,-0.3163365423679352,0.024740710854530334,0.684990406036377,0.15396305918693542,0.16607466340065002,0.08509261906147003,-0.19165576994419098,-0.4779749810695648,-0.5132946968078613,-0.2332787662744522,0.49960947036743164,0.13476312160491943,0.08798818290233612,-0.32261404395103455,-0.2651022970676422,-0.1014312282204628,0.5404720902442932,-0.11022235453128815,-0.4820566773414612,0.38794806599617004,0.6727868318557739,-0.05342474579811096,-0.6660295128822327,0.1410699039697647,0.4911178946495056,0.4349038004875183,-0.5719327330589294,-0.7024531960487366,-0.7024837732315063,-0.4775124788284302,-0.5258246064186096,0.20386013388633728,0.1929357349872589,-0.7134144902229309,0.6106351017951965,-0.7379792332649231,0.06460706144571304,0.005443941336125135,0.6827853918075562,-0.28916797041893005,0.49705544114112854,-0.3512056767940521,0.6640006303787231,0.43693214654922485,-0.3992812931537628,0.6926605105400085,0.6099008917808533,0.21659711003303528,0.6745678186416626,0.5347675085067749,-0.6197935342788696,-0.3270435929298401,-0.7387197613716125,-0.36193206906318665,0.629840075969696,0.41615158319473267,0.024219879880547523,0.6470340490341187,0.7289005517959595,0.057047829031944275,-0.3661261200904846,0.12664473056793213,0.5002903342247009,0.7387827038764954,0.20540685951709747,-0.6400153636932373,-0.17375124990940094,-0.6154490113258362,0.35973060131073,-0.5582380294799805,0.3731423318386078,-0.527296245098114,-0.22526946663856506,0.3640918731689453,0.5054967403411865,-0.03041379526257515,-0.009803618304431438,0.09678433835506439,-0.09526439756155014,0.5102605819702148,-0.10185538977384567,-0.7311773896217346,-0.17103871703147888,-0.5673196315765381,-0.17330603301525116,-0.25966858863830566,-0.020756300538778305,0.19312839210033417,0.4262567460536957,0.1021878570318222,-0.3101779520511627,-0.49082544445991516,0.3492388427257538,0.42004865407943726,-0.14013861119747162,0.6079564094543457,-0.2469053864479065,0.43735799193382263,0.08669841289520264,0.04821281135082245,-0.3245531916618347,-0.5307697653770447,0.5751098394393921,-0.2683146595954895,-0.0891258642077446,-0.33851176500320435,-0.7286574840545654,-0.687065839767456,0.4633563458919525,0.08505460619926453,-0.04723241552710533,0.23390808701515198,0.2063267081975937,0.5030467510223389,-0.2969144284725189,-0.3748445212841034,-0.6823650598526001,0.32956111431121826,0.6669512987136841,0.7498639225959778,-0.6972230076789856,0.6842822432518005,-0.683375358581543,-0.45877015590667725,0.6599124670028687,0.21631847321987152,-0.6195762753486633,0.4894477128982544,-0.3581755757331848,0.2762257158756256,-0.2623174786567688,-0.3438263237476349,0.526812732219696,0.21246685087680817,-0.015728309750556946,-0.4466216266155243,-0.578264057636261,-0.27075156569480896,-0.4584902822971344,0.5359439253807068,0.4366125166416168,-0.5622928738594055,0.4435557425022125,0.3523196280002594,0.627958357334137,0.7025901675224304,0.45540744066238403,-0.2685028910636902,-0.25196176767349243,-0.5178472399711609,-0.0991506576538086,-0.2816941738128662,-0.252072274684906,0.46609050035476685,0.45223772525787354,0.24386203289031982,0.03367092087864876,-0.2928800880908966,0.2530739903450012,-0.255372554063797,-0.09528987109661102,-0.11648880690336227,-0.022640246897935867,-0.12345345318317413,-0.4278184473514557,0.13761521875858307,0.3555002808570862,0.26231250166893005,0.6986244916915894,0.38592880964279175,-0.4518275856971741,-0.735963761806488,-0.35277801752090454,-0.27565285563468933,-0.7321161031723022,-0.7358170747756958,-0.5868457555770874,0.39293745160102844,0.6074622273445129,-0.2403988540172577,-0.6646261811256409,-0.32132336497306824,0.47034141421318054,-0.05804799869656563,0.25607144832611084,0.43246951699256897,0.17856530845165253,-0.49430587887763977,0.01785353571176529,-0.7079169154167175,0.15618427097797394,-0.19023719429969788,0.4099237024784088,0.6552512049674988,-0.7329853177070618,0.6628890633583069,-0.2387535125017166,-0.48616576194763184,0.2570607364177704,0.07126260548830032,-0.4216265082359314,-0.12952198088169098,-0.5591272711753845,-0.039890628308057785,0.41203010082244873,-0.13125452399253845,-0.6532612442970276,-0.0938275158405304,0.34621670842170715,0.7300156354904175,0.3338404595851898,-0.02130897343158722,-0.6145561337471008,0.23021575808525085,0.058737389743328094,-0.4504000246524811,0.3707568347454071,-0.23472151160240173,-0.3109079897403717,0.3542937636375427,0.22011233866214752,-0.15266203880310059,0.3264739215373993,0.7176697254180908,-0.35112470388412476,-0.30435481667518616,0.6918993592262268,-0.29723790287971497,0.3347300589084625,0.7157449126243591,-0.2444637417793274,-0.6464277505874634,-0.2679165303707123,0.5739133954048157,0.7273135185241699,-0.32741251587867737,0.46222957968711853,-0.28499719500541687,-0.18536962568759918,-0.0493595227599144,0.2801460325717926,-0.07026512920856476,-0.4845231771469116,0.05665256828069687,-0.6411012411117554,-0.20437012612819672,-0.43448367714881897,0.263576477766037,-0.38882729411125183,-0.3980170786380768,0.1887560337781906,-0.018462808802723885,0.3240445852279663,0.22346645593643188,-0.6910098791122437,-0.4136029779911041,-0.6122696995735168,-0.4268144369125366,-0.0492507629096508,-0.035211771726608276,-0.07183877378702164,0.40126165747642517,0.09718771278858185,0.14282453060150146,-0.06032188609242439,0.48505157232284546,-0.5125820636749268,0.544617235660553,0.11573754251003265,0.000721651769708842,-0.05619709566235542,-0.330345094203949,-0.2025330513715744,-0.6388879418373108,-0.02991330437362194,-0.20265384018421173,0.4263719916343689,-0.24173171818256378,-0.26562443375587463,-0.09292782843112946,-0.48420098423957825,-0.1026158481836319,0.37016987800598145,0.31212738156318665,-0.6944451332092285,-0.7230752110481262,-0.29666998982429504,-0.420060932636261,0.24058897793293,0.14364847540855408,0.4216307997703552,0.2500983774662018,-0.3255694806575775,0.008853918872773647,-0.1405712366104126,0.13182970881462097,-0.2051888257265091,-0.058824874460697174,0.7118051648139954,0.3843851685523987,0.5007708668708801,0.5342202186584473,-0.45232686400413513,-0.04025469347834587,0.48417532444000244,-0.3058794140815735,-0.5041264891624451,-0.20079074800014496,-0.5742336511611938,-0.6195467114448547,-0.04002775996923447,0.6571176648139954,-0.11643064022064209,-0.12083890289068222,0.23149791359901428,-0.05848339572548866,-0.5071901679039001,0.33170387148857117,-0.36353394389152527,-0.5967138409614563,0.16277645528316498,-0.0010063208173960447,0.04683169722557068,-0.6273268461227417,0.7100418210029602,0.5160735845565796,-0.4216093420982361,0.5683866739273071,-0.28646624088287354,-0.6934141516685486,0.7345680594444275,-0.30841588973999023,-0.0004068812704645097,-0.0858275294303894,0.210003063082695,0.2907658517360687,-0.7476478815078735,0.31244051456451416,-0.3451664447784424,0.3958035111427307,-0.10413803905248642,0.48649275302886963,-0.3552795946598053,-0.6373820900917053,-0.5946438908576965,0.12069006264209747,-0.5297898054122925,0.23155316710472107,0.6284554600715637,-0.32520154118537903,-0.3326444625854492,-0.09410344064235687,-0.4893518388271332,0.43272849917411804,0.446397066116333,0.5225877165794373,-0.49656039476394653,0.49373894929885864,-0.6157251596450806,-0.14276106655597687,-0.02286529541015625,0.6157062649726868,-0.650195837020874,0.3794082999229431,-0.016710631549358368,-0.11713441461324692,-0.6735628843307495,-0.30208951234817505,0.22029247879981995,-0.02526138722896576,0.08640711009502411,-0.7363181710243225,-0.6105448603630066,-0.18044450879096985,-0.650642454624176,0.41451549530029297,0.6527248024940491,-0.08882066607475281,0.6240905523300171,-0.7329872250556946,0.5706223845481873,-0.7024908661842346,-0.17601053416728973,-0.6590558886528015,-0.39116525650024414,-0.5695000886917114,-0.27724769711494446,0.5026386976242065,-0.5782595872879028,0.6702964305877686,-0.7483282089233398,-0.2764268219470978,0.018205173313617706,-0.2483619600534439,0.09081988781690598,0.13853399455547333,-0.527405321598053,0.4560280442237854,-0.5625077486038208,0.6462622880935669,-0.02132566273212433,-0.33862483501434326,-0.5803621411323547,0.4773504436016083,0.06288623809814453,0.5357259511947632,0.2549385130405426,-0.6717348694801331,-0.5808208584785461,0.3897882401943207,0.06722910702228546,0.09775534272193909,-0.013633046299219131,0.668637752532959,-0.511989176273346,0.7276808023452759,-0.14641322195529938,0.16092686355113983,-0.2710547149181366,0.07441817969083786,-0.4634163975715637,-0.3741733729839325,0.21856266260147095,0.40849798917770386,-0.43390312790870667,0.7423602938652039,0.14873892068862915,0.6240895986557007,-0.08648201823234558,0.521301805973053,-0.18520487844944,-0.37422773241996765,-0.5301983952522278,0.5406019687652588,0.2418937236070633,0.19040676951408386,-0.6701713800430298,-0.3835175335407257,-0.5869595408439636,-0.44187435507774353,0.0319891981780529,-0.12624597549438477,0.37742841243743896,-0.4015562832355499,-0.7372847199440002,-0.424032062292099,0.7037295699119568,0.27327102422714233,-0.29334378242492676,-0.1364959329366684,-0.3860263228416443,0.03122825175523758,0.5452609658241272,0.4398280680179596,0.4411635100841522,-0.6649971008300781,-0.06639489531517029,0.021531207486987114,-0.586406946182251,-0.5159055590629578,-0.6638925075531006,0.054811879992485046,0.17075200378894806,0.09896817058324814,-0.20761682093143463,0.22233076393604279,-0.29719579219818115,0.3346397578716278,0.6169606447219849,0.10161616653203964,-0.10886423289775848,0.5759813189506531,-0.4401392638683319,-0.41294193267822266,0.7175355553627014,0.02856048010289669,-0.3643051087856293,-0.4953228235244751,-0.22439919412136078,0.5483099222183228,-0.5949437618255615,-0.27393248677253723,-0.24978776276111603,0.12093549966812134,0.5767726898193359,-0.26961979269981384,-0.664222776889801,0.15937015414237976,0.20506460964679718,-0.5756485462188721,0.46504732966423035,0.684055745601654,-0.3856688439846039,-0.6562222242355347,0.03213391453027725,-0.728475034236908,-0.36758291721343994,-0.15445902943611145,0.5992538332939148,0.7351522445678711,0.04354269057512283,-0.0106533607468009,0.6798017621040344,0.136515274643898,0.31364887952804565,-0.5857851505279541,-0.5625903606414795,0.5387120246887207,0.10868582874536514,-0.3642665445804596,0.2954133152961731,-0.4805251657962799,0.041555795818567276,0.18721310794353485,0.27887678146362305,0.17326603829860687,-0.21048028767108917,-0.04426535964012146,-0.08449853211641312,0.29778674244880676,-0.6834303736686707,-0.23027317225933075,0.6228025555610657,-0.5466200113296509,0.7014023661613464,-0.34488943219184875,0.20825253427028656,0.22696492075920105,0.29617321491241455,0.1449400633573532,0.2008538395166397,-0.7237687110900879,-0.5041804313659668,-0.11083973944187164,0.5099101662635803,0.2617410719394684,-0.0003080916067119688,0.3739476501941681,-0.2493579089641571,-0.25510725378990173,0.36925026774406433,0.367768257856369,0.4897878170013428,0.20914222300052643,-0.06737476587295532,0.03518863022327423,0.2975555956363678,-0.38557010889053345,-0.2659929096698761,-0.7264082431793213,-0.19493955373764038,0.020200476050376892,0.28947460651397705,0.39890891313552856,0.14011883735656738,-0.6909523010253906,-0.5353297591209412,-0.2623845636844635,0.6212306022644043,0.2397950291633606,0.23735307157039642,-0.02317473292350769,0.25189852714538574,0.5667955279350281,-0.5780439972877502,-0.7132826447486877,0.2825796604156494,-0.6021794080734253,0.7213395237922668,0.20910511910915375,0.7013024687767029,-0.6514661908149719,0.12197843939065933,-0.4901602864265442,0.11979345977306366,-0.3280967175960541,0.7006922364234924,0.012733307667076588,-0.403755247592926,-0.7015315890312195,-0.03435608744621277,-0.46432799100875854,-0.23987270891666412,-0.6853505969047546,-0.15672427415847778,-0.746978759765625,0.6005403995513916,-0.7201905846595764,-0.008474627509713173,-0.16429270803928375,-0.5087347030639648,-0.25608986616134644,0.39022085070610046,-0.3289472460746765,-0.5324471592903137,-0.5208823084831238,0.2817101776599884,-0.39455199241638184,0.5097457766532898,-0.5912198424339294,0.004015843849629164,0.10012954473495483,-0.12447981536388397,0.20174919068813324,0.4070466458797455,0.693013072013855,0.10770829021930695,-0.06720921397209167,0.0719211995601654,0.05358707904815674,-0.030179152265191078,0.6592584848403931,-0.07768566906452179,0.4106157422065735,0.27947863936424255,0.30040478706359863,-0.19613133370876312,-0.16574835777282715,0.5409558415412903,0.008081546053290367,-0.12266377359628677,0.44793593883514404,-0.11914066970348358,-0.10698278993368149,0.07117430865764618,0.5602229833602905,-0.7464180588722229,-0.6740007400512695,-0.06896794587373734,-0.6974095702171326,-0.6252990961074829,-0.5932050347328186,-0.007886101491749287,0.6140404939651489,-0.04281788691878319,-0.6130136251449585,0.1191978007555008,0.06562092900276184,0.1065300777554512,0.3547344505786896,-0.5084934234619141,-0.4472312033176422,0.6547346711158752,0.34432411193847656,0.29963740706443787,0.46100860834121704,0.5891425013542175,0.5607236623764038,0.45328250527381897,0.1851871758699417,-0.22298723459243774,-0.33051779866218567,-0.28776878118515015,-0.20844414830207825,0.17650294303894043,0.01707507111132145,0.24375365674495697,-0.03029983676970005,0.12634843587875366,-0.33770570158958435,0.2724098861217499,0.6234596967697144,-0.23466721177101135,0.632036566734314,0.5188326835632324,-0.2290431559085846,-0.6797143220901489,0.22365544736385345,-0.6315745115280151,0.244667649269104,0.18878217041492462,-0.333739697933197,-0.2689425051212311,0.4008963704109192,0.2079448252916336,-0.3066539466381073,0.6260308623313904,-0.2395191490650177,0.6463629603385925,-0.19195017218589783,-0.4824215769767761,0.07547762244939804,-0.006725041661411524,-0.5425885915756226,0.2781931459903717,0.5344482660293579,0.28632843494415283,0.5884460210800171,-0.4314236342906952,-0.6609994173049927,0.27230697870254517,-0.6122080683708191,0.040303222835063934,-0.34875035285949707,0.019360879436135292,0.22827421128749847,0.41544678807258606,0.0373503752052784,0.14456170797348022,0.45120447874069214,-0.21030159294605255,-0.07601472735404968,0.1925780028104782,0.23509842157363892,-0.5512234568595886,0.6861607432365417,-0.3254815638065338,0.43733736872673035,0.3164896070957184,-0.026938870549201965,-0.20498381555080414,-0.36738163232803345,-0.2680314779281616,0.6796709299087524,-0.2933102250099182,0.08604706078767776,0.23146072030067444,-0.13404041528701782,-0.3181171119213104,-0.2718915045261383,0.1426352709531784,-0.3903968036174774,0.036213308572769165,0.5025037527084351,-0.5649034380912781,0.3014183044433594,0.0773700475692749,0.016951484605669975,-0.2538314163684845,-0.2999483048915863,-0.21193701028823853,0.26422205567359924,0.026889199391007423,-0.240041583776474,0.20096899569034576,-0.033696357160806656,-0.6681950688362122,-0.2517419159412384,0.544670820236206,0.1994144469499588,-0.34063178300857544,-0.6660690307617188,-0.34139788150787354,-0.2829236388206482,-0.5191096067428589,0.382076621055603,0.1483718752861023,0.40626105666160583,0.11974818259477615,0.6738258600234985,-0.4653208553791046,-0.048477109521627426,-0.4172675609588623,-0.2910853326320648,0.4866957664489746,0.43177467584609985,-0.21485218405723572,-0.16278132796287537,0.45918500423431396,0.48519060015678406,0.24077185988426208,-0.016126303002238274,0.16649270057678223,-0.060018740594387054,-0.25987866520881653,0.03663650155067444,0.15336069464683533,0.656477689743042,-0.21382683515548706,0.150408536195755,0.2326543629169464,0.28731295466423035,0.3288463354110718,0.23328322172164917,0.44751325249671936,-0.6417240500450134,-0.6900718808174133,0.5215843915939331,-0.2621094882488251,0.5533773899078369,-0.6316222548484802,-0.20141255855560303,-0.6048842072486877,-0.4601765275001526,0.5843502879142761,0.5732441544532776,0.039303578436374664,-0.24571473896503448,0.020061900839209557,-0.11471790075302124,-0.32385021448135376,0.44261544942855835,-0.3942142426967621,-0.6724411845207214,-0.5798479914665222,0.6341657638549805,-0.3959583342075348,-0.36721575260162354,0.0924229547381401,-0.2538444995880127,0.22866754233837128,0.32307198643684387,0.05077863484621048,0.3996719419956207,0.673906147480011,-0.5091354250907898,0.4531535804271698,0.02445431984961033,-0.37515801191329956,0.7272111177444458,-0.23919212818145752,-0.7007412314414978,0.5272092223167419,-0.6303055882453918,0.6423512697219849,0.42079809308052063,-0.5757437348365784,-0.5407086610794067,-0.638221263885498,0.006456318311393261,0.5225908756256104,0.6528992652893066,-0.4011075794696808,-0.41682159900665283,-0.13243317604064941,-0.16553913056850433,0.09175176918506622,-0.5711321234703064,-0.06273377686738968,-0.10042906552553177,-0.748682975769043,-0.4379235506057739,-0.47459447383880615,0.2572169005870819,-0.28374436497688293,0.20791855454444885,0.5046310424804688,-0.6045854091644287,-0.28253522515296936,0.7458822727203369,-0.6483187675476074,0.7312312126159668,-0.6582848429679871,0.698969841003418,0.15238864719867706,0.21029923856258392,0.5753459334373474,0.19152535498142242,0.2681696116924286,-0.4785100519657135,0.3916724920272827,-0.3490917980670929,0.29687273502349854,-0.6633304357528687,-0.46554622054100037,0.4700799882411957,0.5516173839569092,-0.03766686096787453,0.5702595710754395,0.48216721415519714,0.32694363594055176,0.4173656702041626,-0.20134732127189636,-0.5062103867530823,0.39411070942878723,0.22626125812530518,-0.3486616015434265,0.25620588660240173,-0.511664867401123,0.5129901766777039,-0.518395721912384,0.3195340633392334,0.48890453577041626,-0.451602041721344,-0.3872692286968231,-0.23409143090248108,-0.2919771075248718,0.385842889547348,0.6165609955787659,0.29013726115226746,0.20185300707817078,-0.6624261736869812,0.1585710346698761,-0.3060445785522461,0.13598693907260895,0.39202380180358887,-0.39274147152900696,0.12409776449203491,-0.7473536729812622,0.3801586627960205,0.43612462282180786,0.4235777258872986,-0.06034586578607559,-0.560454249382019,-0.47156059741973877,0.385789692401886,0.17171929776668549,-0.17821621894836426,-0.42677435278892517,0.7126439213752747,0.5654030442237854,-0.5618918538093567,0.02341478131711483,0.4920944273471832,-0.5786176919937134,0.0016832652036100626,0.11529011279344559,0.7469262480735779,-0.6805078387260437,0.4607585072517395,0.1374819129705429,-0.6604005694389343,-0.1827961653470993,-0.3381781578063965,0.09619401395320892,0.04620286449790001,0.2911827564239502,0.2572557330131531,-0.06738606840372086,-0.5501629114151001,0.31654155254364014,-0.6885815262794495,-0.12429166585206985,-0.11278804391622543,0.03729148209095001,0.3072204887866974,-0.18860499560832977,0.6521750688552856,0.048033978790044785,0.6081054210662842,0.29034096002578735,-0.28355827927589417,-0.2863461375236511,-0.2876558005809784,0.7036005258560181,0.22482189536094666,0.012326308526098728,0.7051246762275696,0.3192514181137085,-0.712371289730072,-0.31796059012413025,-0.1704094260931015,-0.36781376600265503,-0.5053332448005676,-0.34105461835861206,-0.6773459911346436,-0.627193808555603,-0.24114449322223663,-0.24005451798439026,-0.152507945895195,0.0368935726583004,0.2945842146873474,0.34241020679473877,0.12541894614696503,-0.7488048672676086,-0.3801092803478241,-0.3229292929172516,0.4533989429473877,-0.4300644099712372,-0.5836334228515625,-0.09692675620317459,-0.3446378707885742,-0.29530274868011475,-0.6212460398674011,0.26258596777915955,-0.29686176776885986,-0.014886755496263504,-0.2425106018781662,-0.31336525082588196,0.21721117198467255,-0.1774945855140686,0.016701413318514824,-0.48073810338974,-0.0007828071829862893,0.34683990478515625,-0.6387298107147217,-0.2434329241514206,-0.6432077884674072,-0.06700736284255981,-0.37959080934524536,-0.20575612783432007,0.5070527791976929,-0.027991292998194695,0.3349117934703827,-0.659399688243866,0.19896405935287476,0.07279056310653687,0.5698391795158386,0.48475030064582825,0.6086389422416687,0.632728099822998,-0.06681866943836212,-0.7456314563751221,-0.20862510800361633,0.6647246479988098,-0.02039281651377678,-0.048955850303173065,-0.3530430197715759,-0.5615370869636536,0.4324588477611542,-0.018887968733906746,0.26099836826324463,0.5406262278556824,0.36429139971733093,-0.27930617332458496,-0.2724807858467102,0.32701438665390015,-0.34440767765045166,-0.6851217746734619,0.5150157809257507,-0.22020283341407776,-0.48390835523605347,-0.5923490524291992,-0.245869442820549,0.6390509009361267,0.5900272130966187,0.6541200280189514,-0.14692357182502747,0.3820105493068695,-0.5009249448776245,-0.6415948867797852,-0.6938442587852478,-0.48476046323776245,0.5635248422622681,-0.16595421731472015,0.0767214223742485,0.5370393991470337,0.539504885673523,0.06527362763881683,0.06563383340835571,-0.34744077920913696,-0.39208754897117615,-0.42118749022483826,0.24812407791614532,-0.6581848859786987,-0.49844297766685486,0.357623815536499,0.029022585600614548,-0.08404765278100967,0.49714013934135437,-0.5019897222518921,-0.3202283978462219,0.2578989863395691,0.5880111455917358,0.5969823598861694,0.3275332748889923,0.4551556408405304,0.38878554105758667,-0.49454963207244873,-0.43381768465042114,-0.258545458316803,0.4835869371891022,-0.1800529807806015,-0.49137893319129944,0.02660042606294155,-0.10812633484601974,-0.5279719829559326,-0.7306080460548401,0.22096094489097595,-0.5507417321205139,0.5045414566993713,-0.5783160924911499,-0.3019961714744568,-0.6898460388183594,-0.6445935368537903,0.5967064499855042,-0.5430487394332886,0.41658252477645874,-0.5523902773857117,-0.08703279495239258,-0.2034425437450409,-0.36442604660987854,-0.03209654241800308,-0.5000478029251099,-0.35344886779785156,0.15316416323184967,0.5229021310806274,-0.32146337628364563,-0.4633844196796417,-0.24214529991149902,0.19427280128002167,0.4237862229347229,-0.7064979672431946,0.6109792590141296,-0.5878408551216125,-0.7174045443534851,-0.1926778256893158,-0.24812589585781097,-0.461477130651474,0.17875659465789795,-0.1259000450372696,0.42391878366470337,0.36209315061569214,0.018794383853673935,0.46796947717666626,0.1420872062444687,-0.46485012769699097,0.29208895564079285,0.6510367393493652,-0.5993271470069885,0.0402752086520195,0.12257252633571625,-0.11339068412780762,0.6926674246788025,0.03420877084136009,0.661678671836853,0.7229875922203064,-0.29575562477111816,0.36421632766723633,0.28860631585121155,-0.5296354293823242,-0.5006738901138306,0.39812660217285156,0.3732430338859558,-0.21135160326957703,-0.434957355260849,-0.5706762671470642,0.7425757050514221,-0.12442584335803986,0.40033772587776184,0.11164695024490356,0.24768461287021637,0.467994749546051,-0.19538401067256927,0.4896538257598877,-0.2819555401802063,0.41472598910331726,-0.3044109344482422,0.20629911124706268,0.628129243850708,-0.09645678848028183,0.43110519647598267,-0.3056088387966156,-0.6766725182533264,0.4962090849876404,-0.24967816472053528,0.3709068298339844,-0.25110259652137756,-0.13762687146663666,0.5847530364990234,0.3067862093448639,0.2346266508102417,-0.1141582503914833,0.7381397485733032,-0.3675915598869324,-0.11347389966249466,-0.1875910758972168,-0.39762628078460693,0.6775156259536743,-0.3876633048057556,-0.1321610063314438,-0.28447800874710083,-0.10873990505933762,0.07091084122657776,0.5620986223220825,0.294912189245224,0.33428874611854553,-0.27132338285446167,-0.6648117899894714,-0.7393611669540405,-0.28035882115364075,-0.510758101940155,-0.13295134902000427,0.3759641945362091,-0.43514007329940796,-0.3952259421348572,0.6709036231040955,-0.48930904269218445,0.09377937018871307,-0.6699663996696472,0.10996515303850174,-0.7317106127738953,0.16954563558101654,-0.18897856771945953,0.05019921809434891,-0.6918765902519226,0.5872418880462646,0.3242020010948181,-0.5039235949516296,-0.6456400156021118,0.6438174843788147,0.272257924079895,0.030315086245536804,0.7360005974769592,0.18985581398010254,0.6456940770149231,0.6559690833091736,0.598400890827179,-0.17580462992191315,0.7005957365036011,0.1061713919043541,-0.2559129595756531,-0.6387571096420288,0.23527111113071442,-0.06490317732095718,-0.6536815166473389,-0.35243749618530273,0.741394579410553,0.6295086741447449,-0.08084631711244583,-0.18165259063243866,-0.37841203808784485,0.6103466749191284,0.0029849510174244642,-0.2966477572917938,-0.32567209005355835,0.3136588931083679,0.4766988754272461,-0.7494370341300964,0.6503314971923828,0.20861060917377472,0.34569060802459717,-0.6262030601501465,0.4743395447731018,0.5987955331802368,0.3843879997730255,-0.35661178827285767,0.1946445256471634,-0.22793175280094147,0.21131762862205505,0.38261428475379944,-0.3087315857410431,0.45945650339126587,-0.7176734805107117,0.47885605692863464,0.5235164165496826,0.6671850085258484,0.4685657024383545,0.3558118939399719,0.7181116938591003,0.4761277139186859,-0.47061556577682495,0.33862823247909546,0.6243155598640442,0.4009229838848114,-0.5973981022834778,-0.29743286967277527,-0.1157536581158638,-0.3979164659976959,0.23828302323818207,-0.17246632277965546,0.6565942168235779,-0.5038707256317139,-0.1486688107252121,-0.403428852558136,0.08159875869750977,-0.5189959406852722,0.555687665939331,0.22370368242263794,-0.7195743322372437,0.19924816489219666,-0.6566488742828369,0.7288031578063965,-0.6048591136932373,-0.5407658815383911,-0.6437619924545288,-0.740530252456665,-0.46165889501571655,-0.29813969135284424,-0.7210029363632202,0.07539160549640656,-0.30876263976097107,0.5615008473396301,0.19368939101696014,0.2407439798116684,0.611768364906311,0.5333265662193298,0.40280941128730774,-0.3059757947921753,-0.1879272609949112,0.7175765037536621,0.20426829159259796,-0.39108806848526,-0.07186274230480194,0.43579527735710144,-0.6149346828460693,-0.7266592979431152,-0.11762893199920654,-0.2974052131175995,0.6758096814155579,0.38011521100997925,-0.049238331615924835,-0.7387306094169617,-0.21585962176322937,0.6270689964294434,0.4362300932407379,0.5293091535568237,0.4263061285018921,-0.13146446645259857,0.6142283082008362,0.41817161440849304,-0.5273927450180054,0.6827464699745178,0.27605336904525757,0.055274173617362976,-0.5166110992431641,0.6364697813987732,-0.5521010160446167,0.12994657456874847,-0.4964311122894287,0.37339526414871216,0.4902265965938568,-0.21144667267799377,0.28408560156822205,-0.4661630094051361,-0.20286695659160614,0.008176665753126144,-0.24375833570957184,-0.6811836361885071,-0.16590777039527893,0.16244028508663177,-0.37947502732276917,-0.4802209436893463,0.05033944919705391,-0.2818700671195984,-0.5520240068435669,0.25057002902030945,0.11338755488395691,0.053049735724925995,-0.5008076429367065,0.027938196435570717,-0.30240398645401,0.29252901673316956,0.10293139517307281,0.6929947733879089,0.5770965218544006,-0.46671032905578613,0.5829249024391174,0.6704954504966736,0.09051217883825302,0.03188137337565422,0.4650556743144989,0.16342565417289734,0.5252726674079895,0.22507259249687195,0.5466477870941162,-0.003029421204701066,0.4925578236579895,-0.37472888827323914,0.2779412269592285,-0.41813409328460693,-0.45116448402404785,-0.48795855045318604,-0.22878701984882355,-0.06726709753274918,0.3830975890159607,-0.7371666431427002,-0.6783394813537598,-0.07684262096881866,-0.23559844493865967,0.29782694578170776,0.07190413028001785,-0.7435300350189209,-0.6607201099395752,0.3686845004558563,-0.7141912579536438,0.14618851244449615,-0.392922967672348,0.7456814050674438,-0.1170261800289154,0.43243324756622314,0.5835188627243042,-0.0392947793006897,0.5124292373657227,0.1025090366601944,-0.37138980627059937,-0.31564098596572876,-0.6594913601875305,0.6628049612045288,0.25330379605293274,-0.08203564584255219,-0.40394315123558044,0.16331633925437927,0.11427581310272217,-0.23776257038116455,0.5186982154846191,-0.5431773662567139,0.5981741547584534,-0.7306032776832581,0.5359033346176147,0.05860958248376846,0.25927475094795227,0.49741628766059875,0.30409228801727295,0.12256081402301788,-0.7176111936569214,-0.21612654626369476,-0.26910752058029175,-0.07930300384759903,-0.7434681057929993,0.1281181126832962,-0.34572139382362366,0.28449565172195435,-0.36935967206954956,-0.02121776156127453,-0.2769451141357422,0.7488657236099243,0.006178177427500486,-0.09103554487228394,-0.5811766386032104,0.1623007357120514,0.5718646049499512,-0.6234318017959595,0.4742838442325592,-0.46075439453125,-0.6646456718444824,0.6484091281890869,-0.6815469264984131,-0.4596853256225586,0.5954844951629639,-0.5352137684822083,0.2692098319530487,0.3549126088619232,0.14562776684761047,0.6821148991584778,0.3272673785686493,-0.05433453619480133,-0.0342785120010376,-0.7497462630271912,-0.45626720786094666,0.38928741216659546,0.634384036064148,-0.41665852069854736,-0.21898141503334045,-0.6326968669891357,-0.18132664263248444,0.47415482997894287,-0.5982863903045654,-0.43498754501342773,-0.22008755803108215,-0.392122358083725,0.48092275857925415,0.04063967987895012,-0.7365176677703857,0.14968222379684448,-0.319068044424057,0.07222384214401245,0.49233880639076233,-0.643151581287384,0.6350016593933105,0.2416667491197586,-0.6139143109321594,-0.6729806661605835,0.06588360667228699,-0.3650014102458954,-0.13716138899326324,0.5890723466873169,-0.5442365407943726,0.566065788269043,0.4398026764392853,0.6042923927307129,0.51778244972229,-0.3993922472000122,0.4638771116733551,-0.16213762760162354,0.05797268822789192,0.7344548106193542,-0.3684473931789398,-0.5751299262046814,0.2864305078983307,0.08883422613143921,0.05582979694008827,-0.43839752674102783,-0.11353504657745361,-0.5612290501594543,0.6833691000938416,0.41026750206947327,-0.023872854188084602,0.32888472080230713,0.04983228072524071,-0.16278250515460968,0.639660120010376,0.36158424615859985,-0.29949796199798584,-0.36483028531074524,0.1635686755180359,0.7421499490737915,0.640277624130249,0.5893169641494751,0.22288744151592255,0.507763147354126,0.03970610722899437,0.6723768711090088,0.11519273370504379,0.47681474685668945,0.38657644391059875,0.3940630555152893,0.05763093754649162,0.5738999247550964,-0.4596680700778961,0.023999612778425217,-0.17657847702503204,0.2551165819168091,-0.43478986620903015,-0.6730782985687256,-0.6306374669075012,0.6453248858451843,-0.379377543926239,-0.6367892622947693,-0.01423549558967352,0.2889474630355835,0.15237928926944733,0.24789035320281982,0.5845198631286621,-0.035154376178979874,-0.2930874526500702,0.17944462597370148,0.3115711212158203,-0.11895260959863663,0.1161545068025589,-0.5319418907165527,-0.6184282302856445,0.626874566078186,0.49369606375694275,0.3817983567714691,-0.4067673981189728,0.41752180457115173,-0.5313124656677246,0.2921256422996521,0.1820274293422699,-0.06329868733882904,0.47684547305107117,0.4311000406742096,0.6343874931335449,0.6099475026130676,0.4901355504989624,-0.4639272093772888,-0.2163357436656952,0.5878416895866394,0.203115776181221,0.44510290026664734,0.455781489610672,0.6712928414344788,0.3579399287700653,0.4254525601863861,-0.1753396987915039,-0.015118645504117012,0.5738377571105957,0.6740429401397705,-0.3459164500236511,0.29505279660224915,-0.28750288486480713,0.4150044023990631,-0.7448088526725769,0.59730064868927,0.33177492022514343,0.6871346831321716,-0.2200661301612854,0.7110128998756409,0.5026238560676575,-0.4918285608291626,-0.11447884887456894,-0.11147024482488632,-0.3854449689388275,0.22833603620529175,-0.1187986359000206,0.4448164701461792,0.08719275146722794,-0.38275232911109924,-0.27777335047721863,-0.5173081755638123,0.6308478713035583,0.17361506819725037,-0.46895164251327515,-0.25815629959106445,0.5580891966819763,0.2779141068458557,-0.07341781258583069,0.6720798015594482,-0.5413345098495483,0.43601715564727783,-0.0639268159866333,0.3248418867588043,0.45858970284461975,0.6058977842330933,0.15699441730976105,0.4231528639793396,-0.2770303189754486,-0.04894976317882538,0.6071799397468567,-0.7109476327896118,-0.10396100580692291,0.31319156289100647,0.602587103843689,0.71744304895401,-0.5160874724388123,-0.13733142614364624,0.22964681684970856,-0.5180720686912537,-0.06498608738183975,-0.3141618072986603,0.3759402930736542,-0.6098916530609131,0.5972316265106201,-0.12912949919700623,0.4327651560306549,0.617283046245575,-0.6149454116821289,0.6788879036903381,0.3095812499523163,0.28958743810653687,-0.2415398359298706,0.536824107170105,0.7467368841171265,0.330485999584198,-0.04762296378612518,-0.035882335156202316,0.6403518319129944,0.6088263988494873,0.6233470439910889,0.5414566397666931,0.6526892185211182,0.48234498500823975,-0.06433506309986115,0.010661288164556026,0.5161647796630859,0.5546201467514038,0.29843568801879883,0.42747896909713745,0.05926347151398659,-0.4374423623085022,-0.037715014070272446,0.3385953903198242,-0.7242667078971863,-0.319726824760437,0.35109588503837585,-0.47451651096343994,-0.4013564884662628,-0.7414835095405579,0.16081573069095612,-0.6116621494293213,0.4530154764652252,-0.3877103328704834,0.04381045699119568,-0.6339734196662903,0.668893039226532,0.1204167976975441,-0.6948608160018921,-0.12804590165615082,0.3645298182964325,0.41208845376968384,-0.4549768269062042,-0.30836042761802673,0.5953758358955383,-0.72968989610672,0.07212162017822266,0.41934508085250854,-0.5678932070732117,0.5422453284263611,0.3480192720890045,-0.4081107974052429,-0.00519165676087141,0.1882079392671585,0.2852141261100769,0.12768477201461792,-0.5929765701293945,0.28040939569473267,0.10958444327116013,0.19194471836090088,0.030862508341670036,0.1087440699338913,0.5353368520736694,0.3902762234210968,-0.09251245856285095,-0.07385556399822235,-0.014293292537331581,-0.05254986137151718,0.24564945697784424,-0.32382187247276306,0.6051456332206726,-0.47248247265815735,0.23259533941745758,-0.5979716181755066,-0.43932342529296875,-0.5191707015037537,0.05531931295990944,-0.12033107876777649,0.24968290328979492,0.5268769860267639,-0.6438897252082825,-0.28399112820625305,-0.2169908881187439,-0.48006534576416016,-0.009058915078639984,0.6135640740394592,0.738785982131958,0.010974695906043053,0.045905955135822296,0.05481729283928871,0.2651541829109192,-0.6555150747299194,-0.001772389397956431,-0.2831912040710449,0.6791493892669678,0.4081490933895111,-0.4190925657749176,-0.6723540425300598,0.42038586735725403,-0.6183910369873047,0.5667566061019897,-0.3885369300842285,0.010572331957519054,-0.6897860169410706,0.5957250595092773,-0.2049095630645752,0.4255680739879608,0.7322447299957275,-0.19059354066848755,0.7007614970207214,0.657971203327179,0.4038630723953247,0.2585955262184143,0.6687045693397522,0.6466568112373352,-0.5918585062026978,-0.6284993290901184,-0.711402177810669,0.6895994544029236,0.12437557429075241,-0.5410861372947693,0.5589706897735596,-0.6415849328041077,-0.04465068504214287,0.32263195514678955,-0.2495819628238678,-0.5325143337249756,0.5976263284683228,-0.5828905701637268,-0.32797151803970337,0.31600460410118103,0.27578961849212646,-0.47910964488983154,0.6109212636947632,-0.2212521731853485,0.13458065688610077,-0.2908227741718292,-0.22255229949951172,0.04789324104785919,0.13271981477737427,-0.5376096367835999,0.5653126239776611,0.27429452538490295,-0.5135267972946167,-0.6699910759925842,-0.6518397927284241,0.2640633285045624,-0.4503832757472992,0.12742671370506287,0.5844883322715759,-0.30123019218444824,0.1863907277584076,-0.0006647509871982038,0.6388844847679138,0.5469537973403931,0.31506574153900146,-0.04673897102475166,0.01653461530804634,0.04120250791311264,0.6605662107467651,-0.3819326162338257,-0.5033577084541321,0.5217598080635071,-0.4320940375328064,0.09281560033559799,0.37993568181991577,-0.5405980944633484,-0.4533843398094177,0.31327390670776367,-0.40344682335853577,-0.730743944644928,-0.4830140769481659,-0.3491913378238678,-0.7140616774559021,-0.1399402916431427,-0.27591368556022644,-0.44914260506629944,0.389822393655777,-0.13572648167610168,0.2157909870147705,-0.5776891112327576,0.3866121470928192,-0.7366070747375488,0.07765915244817734,-0.6446482539176941,0.3001773953437805,-0.5087993741035461,-0.366517573595047,-0.6842132210731506,-0.3302709758281708,-0.4756993353366852,-0.6042271852493286,0.6531409025192261,0.12390289455652237,-0.340727299451828,0.05588698014616966,0.7090350389480591,-0.5005275011062622,-0.19908533990383148,-0.3007931411266327,-0.22584016621112823,-0.1345856934785843,0.6127620339393616,-0.007049532141536474,-0.14135970175266266,0.4835279881954193,0.5626211762428284,-0.3195262551307678,-0.715893030166626,-0.38396716117858887,0.46696990728378296,0.31212595105171204,-0.12281771004199982,-0.49322962760925293,-0.7299545407295227,-0.011067131534218788,-0.5398277640342712,0.3366674780845642,0.2759271264076233,-0.1003868579864502,0.4370298683643341,-0.5370649099349976,-0.006133680231869221,-0.5371859073638916,-0.35019364953041077,-0.20153091847896576,0.3451564908027649,0.19346870481967926,0.29144981503486633,0.7368819117546082,-0.05419309064745903,0.2503492832183838,0.7034212350845337,0.40678924322128296,-0.17202548682689667,0.7239617109298706,0.28021225333213806,-0.5295693874359131,0.4169427156448364,0.7200972437858582,-0.04433558136224747,-0.23912014067173004,0.17781516909599304,0.2777162492275238,-0.3236040771007538,-0.7236285209655762,0.7451532483100891,0.40801239013671875,-0.28748825192451477,-0.025332553312182426,0.2670101523399353,-0.13163483142852783,0.4697337746620178,0.10992790758609772,-0.2428482621908188,0.3071751892566681,-0.46725666522979736,-0.48523789644241333,-0.663276731967926,0.5102734565734863,0.12492963671684265,-0.253542959690094,0.3003278076648712,-0.01732190139591694,-0.4164023697376251,-0.09553554654121399,0.6872566938400269,0.7341018915176392,0.4087868928909302,-0.30421850085258484,0.2034710943698883,-0.7436506748199463,-0.43181779980659485,0.43446722626686096,-0.24203474819660187,-0.620112419128418,-0.27313855290412903,0.313189834356308,-0.12422322481870651,0.2007315456867218,-0.32562339305877686,-0.14112728834152222,0.688393235206604,0.6834306120872498,0.5548353791236877,-0.06300797313451767,-0.3145744204521179,-0.2266814261674881,0.3942955434322357,-0.7268694639205933,0.7159018516540527,-0.017881862819194794,-0.2444494068622589,0.5731140971183777,0.43837979435920715,-0.23170873522758484,-0.5726428031921387,-0.5669233202934265,0.055826932191848755,-0.5850323438644409,-0.2433372437953949,0.14204463362693787,-0.6608113646507263,0.151042640209198,0.4923725724220276,-0.6079079508781433,0.20414113998413086,0.44991543889045715,0.5722963809967041,-0.39784324169158936,-0.7163042426109314,0.036719027906656265,0.1985660046339035,-0.5015817880630493,-0.7112917304039001,0.32314765453338623,-0.42712515592575073,0.6705447435379028,-0.09969957172870636,-0.31995052099227905,-0.3570883572101593,-0.19612693786621094,0.2684914171695709,-0.38276925683021545,-0.42126792669296265,-0.3770577907562256,-0.4988432824611664,0.0657438263297081,-0.7023733854293823,0.2734609544277191,0.6862865090370178,-0.7174073457717896,0.06129075959324837,0.44454166293144226,-0.38254767656326294,-0.5412209630012512,-0.6332871913909912,-0.6645350456237793,0.49746379256248474,-0.06335471570491791,-0.14290355145931244,-0.2837373614311218,-0.07726949453353882,-0.31964367628097534,0.6645287275314331,-0.6908400654792786,-0.6460940837860107,0.7395420670509338,0.3346900939941406,0.33312535285949707,0.2125326246023178,-0.533339262008667,-0.7090827822685242,-0.7017008662223816,-0.4090389609336853,0.5355191826820374,-0.10912486165761948,-0.2687722146511078,-0.1314815878868103,0.17497770488262177,-0.28188443183898926,0.05049356445670128,-0.6028529405593872,-0.6160746216773987,0.7152365446090698,0.6705384850502014,0.3357546329498291,0.1695202887058258,-0.24962806701660156,0.44348379969596863,0.19552329182624817,-0.664900004863739,0.2891002893447876,0.11291547864675522,0.38850560784339905,-0.0258187185972929,-0.5248585939407349,0.48203742504119873,-0.4371528625488281,0.08311337232589722,-0.043995920568704605,-0.714278519153595,0.45755550265312195,0.19157877564430237,-0.19537705183029175,-0.5502253174781799,-0.5089100003242493,0.3682335317134857,-0.004547099117189646,0.32146474719047546,-0.08387766033411026,0.4982282221317291,0.7272084355354309,-0.19549040496349335,-0.031523361802101135,0.4847269654273987,0.0978282243013382,-0.2674865126609802,0.6111887097358704,0.058262500911951065,0.4278537333011627,0.0911971777677536,0.3527044951915741,-0.5888010263442993,0.5615271925926208,0.6138355731964111,-0.441116601228714,-0.1365421563386917,-0.6924228072166443,-0.4622291028499603,-0.04913494363427162,-0.15688946843147278,-0.6170275211334229,-0.2732045352458954,0.5762702822685242,0.3278774619102478,0.5104802846908569,0.6218948364257812,-0.6938995122909546,-0.21022848784923553,-0.32205772399902344,-0.11994839459657669,0.303430438041687,0.541546642780304,-0.6082288026809692,0.6300469636917114,0.2758162319660187,-0.04721689596772194,0.17946964502334595,-0.3941997289657593,0.1513785868883133,-0.46233269572257996,0.5782293081283569,-0.7457500696182251,-0.4750416576862335,0.0788738802075386,-0.24481630325317383,0.07319469749927521,-0.6133033037185669,0.23987463116645813,-0.2525758147239685,-0.12854641675949097,-0.6088309288024902,-0.1883934587240219,-0.652713418006897,-0.5576075911521912,0.23391962051391602,0.26705053448677063,-0.4017828106880188,-0.7278335094451904,0.039381563663482666,-0.34974461793899536,0.7428081035614014,0.042564187198877335,0.4728069603443146,0.4299585223197937,0.015904873609542847,-0.39256367087364197,-0.4172403812408447,-0.494029700756073,0.3279561400413513,0.23122762143611908,0.21847650408744812,-0.3283921778202057,-0.29023420810699463,-0.6151659488677979,0.5125454664230347,-0.7010431289672852,-0.1163594126701355,-0.15367211401462555,-0.6302441358566284,-0.16251973807811737,-0.13461048901081085,0.586063802242279,-0.6711297035217285,0.19295716285705566,-0.18133443593978882,0.16112804412841797,-0.1038704439997673,-0.4199100732803345,-0.7062074542045593,0.16294929385185242,0.4411790668964386,-0.5958918333053589,0.23057565093040466,-0.19314809143543243,-0.5416671633720398,0.38072723150253296,0.5840925574302673,0.5814732909202576,-0.11402105540037155,-0.7120198011398315,0.6700514554977417,0.47260960936546326,0.3506131172180176,-0.005258406512439251,-0.32793065905570984,0.012274571694433689,0.36767101287841797,0.07235797494649887,0.6244456171989441,-0.2248287796974182,0.17467212677001953,0.5181596279144287,0.6771963834762573,-0.27718281745910645,-0.19991564750671387,0.7435286641120911,0.4738267660140991,-0.6311312913894653,-0.2561948299407959,-0.33737629652023315,0.022252224385738373,0.0016422694316133857,0.009099433198571205,0.46647676825523376,-0.5693936944007874,0.6750696897506714,0.1480218917131424,0.24606943130493164,-0.0025706784799695015,0.6593314409255981,-0.14781826734542847,0.3905119299888611,0.33177343010902405,0.5960774421691895,-0.4254120886325836,-0.39749500155448914,-0.019289422780275345,0.6085646152496338,0.4849046468734741,0.009163294918835163,-0.7181656360626221,-0.004306294955313206,0.36294758319854736,0.40972137451171875,-0.5675140619277954,0.1297389417886734,0.0781932920217514,-0.5009956955909729,-0.015264928340911865,-0.7211097478866577,-0.6374455690383911,-0.7200626134872437,-0.7097014784812927,-0.409096360206604,0.6774751543998718,-0.25517258048057556,0.1166142001748085,-0.3430052399635315,0.09301251173019409,0.5840985178947449,0.6739457249641418,0.4848628640174866,0.7271263003349304,0.47353002429008484,-0.20673297345638275,0.5168536305427551,0.587096631526947,-0.2924434244632721,-0.5914247035980225,0.14655284583568573,0.1914842575788498,-0.14184285700321198,0.46236860752105713,-0.2189001590013504,0.665204644203186,0.30676642060279846,-0.7127886414527893,0.31401899456977844,-0.6061334013938904,0.4171970784664154,-0.5795807242393494,-0.3227100670337677,-0.7307383418083191,0.2154436558485031,-0.06027595326304436,0.25224924087524414,0.27113547921180725,-0.275373637676239,0.26875409483909607,-0.23377196490764618,-0.5960482954978943,0.5660271048545837,-0.1781720370054245,0.46213415265083313,-0.20544250309467316,-0.6505236625671387,-0.7344411611557007,-0.35712331533432007,-0.25332942605018616,0.2514495849609375,-0.3147507607936859,-0.09892289340496063,-0.4269825518131256,0.7278242111206055,0.06001513451337814,0.7243584394454956,-0.5925556421279907,0.12596291303634644,0.5296531915664673,0.08433122932910919,-0.6068692803382874,0.4919278621673584,-0.6311104893684387,0.13233216106891632,-0.2766023576259613,-0.3705199658870697,0.39399370551109314,-0.20570217072963715,0.39503031969070435,0.22586339712142944,-0.2540215849876404,0.1794801503419876,-0.13273130357265472,-0.030084775760769844,0.11339442431926727,-0.1197514459490776,0.45003727078437805,-0.6851025819778442,0.7199914455413818,0.46327006816864014,0.698452353477478,0.42888838052749634,0.18763850629329681,0.32716551423072815,0.725952684879303,0.05746886506676674,0.4195692241191864,-0.03514993563294411,-0.12235461920499802,0.5843554735183716,-0.22791531682014465,0.3897261321544647,0.6615384817123413,-0.741836428642273,0.3090144395828247,-0.07577811926603317,0.3533603549003601,0.22272570431232452,0.10661421716213226,0.6805711984634399,0.6871673464775085,0.23591147363185883,-0.4855359196662903,-0.43999895453453064,0.22423522174358368,0.4602026045322418,-0.15894970297813416,0.664997935295105,0.42812448740005493,-0.3039766252040863,0.36502528190612793,0.6897966265678406,0.6913047432899475,-0.7271963953971863,-0.7100666761398315,0.5175697207450867,-0.4444091320037842,0.060584165155887604,0.6849802136421204,-0.5942191481590271,-0.12141796201467514,0.4072531759738922,-0.014246259815990925,0.11200741678476334,-0.5796648263931274,-0.5955771207809448,0.11625632643699646,0.6370521187782288,0.07029498368501663,0.6810871958732605,-0.013749701902270317,0.0835484191775322,0.33870163559913635,-0.03340311348438263,-0.26904386281967163,0.38336798548698425,0.7334890365600586,-0.14063504338264465,0.06492329388856888,-0.43365246057510376,0.11711104214191437,-0.5925906300544739,0.42338883876800537,0.03806724399328232,0.17172737419605255,0.6604771018028259,0.7195969223976135,-0.5296664834022522,0.5751187801361084,0.6707553267478943,0.03613775968551636,0.5069661140441895,-0.5697142481803894,0.3384726047515869,0.14275045692920685,-0.19898200035095215,0.40433675050735474,-0.06039922684431076,-0.3202982544898987,-0.6674471497535706,-0.12325616180896759,0.46949413418769836,-0.4976564347743988,0.431587815284729,-0.7341253161430359,-0.062912717461586,-0.6900953650474548,0.10391733050346375,-0.7449713349342346,-0.4737972021102905,0.25862160325050354,0.290519118309021,-0.052898865193128586,-0.5855476260185242,0.048638053238391876,0.1974361687898636,0.2015879899263382,-0.19996771216392517,0.4037421941757202,-0.28944048285484314,0.10395515710115433,-0.632732093334198,0.2991209030151367,0.06006027013063431,-0.3439691960811615,0.002808868885040283,0.3120105266571045,0.35035648941993713,0.0031506908126175404,0.7413186430931091,-0.6436595916748047,0.46332263946533203,0.033909570425748825,-0.5679441690444946,0.08943882584571838,0.0914563462138176,-0.1356106549501419,0.3611568212509155,-0.15111051499843597,0.013656573370099068,0.009358420968055725,-0.5298288464546204,0.4938766658306122,-0.337898313999176,0.10716696083545685,-0.28746986389160156,-0.6783793568611145,0.018142271786928177,-0.34866413474082947,0.01763066276907921,0.21863588690757751,-0.4003504514694214,-0.718322217464447,0.027600642293691635,0.4240068197250366,0.4833890199661255,0.4776463210582733,-0.6258673071861267,-0.41588738560676575,0.26773813366889954,-0.6995420455932617,0.460338294506073,-0.7223471999168396,-0.7280399203300476,-0.2963564097881317,0.07125438004732132,-0.3636518716812134,0.003141549415886402,0.024646446108818054,-0.7112870216369629,0.6161181926727295,-0.4524719715118408,0.16452544927597046,-0.269669771194458,-0.6035157442092896,0.07441374659538269,0.35165828466415405,-0.07186733931303024,-0.26124149560928345,0.05633002519607544,0.4413430988788605,0.039869002997875214,0.4810566306114197,-0.5699419975280762,0.5494663715362549,-0.10736900568008423,0.4653032422065735,-0.06601917743682861,-0.1541035771369934,-0.6266726851463318,0.1605703979730606,0.26200130581855774,-0.07678539305925369,0.6293870806694031,0.2595970928668976,0.15353773534297943,0.7036170959472656,-0.24830226600170135,-0.07519880682229996,0.46774882078170776,0.3299795985221863,0.31699103116989136,-0.32814428210258484,0.5280917286872864,-0.4168680012226105,-0.23027890920639038,0.12232258915901184,0.23635604977607727,-0.05922963470220566,-0.6439220905303955,-0.11212743073701859,-0.40453487634658813,0.16774477064609528,0.6155431270599365,0.719147264957428,0.39974579215049744,0.2876078188419342,0.7227644920349121,0.14156769216060638,-0.3814433515071869,-0.7115393877029419,-0.5535556077957153,-0.42094287276268005,0.4699089825153351,-0.4476211965084076,-0.2863830327987671,-0.7274371981620789,0.6663174629211426,0.2552056610584259,-0.698960542678833,-0.5189943909645081,0.3601628243923187,0.6819294095039368,-0.20246794819831848,-0.2748030722141266,-0.348646342754364,-0.545227587223053,-0.05815118923783302,0.2607641816139221,-0.39173412322998047,0.21548064053058624,0.5975532531738281,0.1187153235077858,-0.25540465116500854,-0.13944992423057556,-0.28258901834487915,0.11681491136550903,0.3528447151184082,-0.0020311041735112667,-0.3887253999710083,-0.5978190898895264,-0.03800545260310173,-0.5265932679176331,0.5087356567382812,-0.24843046069145203,-0.013859102502465248,0.5963860750198364,0.28897950053215027,0.2753228545188904,-0.5310711860656738,-0.602161705493927,0.27684691548347473,-0.02266486920416355,-0.36500829458236694,0.028283031657338142,0.5461273789405823,0.6967951655387878,-0.5482715964317322,0.32379966974258423,0.5915494561195374,-0.5107941031455994,-0.15171794593334198,0.7012894749641418,0.697745144367218,0.2136700600385666,0.019083010032773018,0.47699612379074097,0.6924015879631042,-0.02340506948530674,-0.6780308485031128,0.6328018307685852,-0.39312314987182617,0.4923461675643921,0.27606678009033203,0.5231250524520874,-0.36006689071655273,0.6740716099739075,-0.18997783958911896,-0.13589628040790558,-0.7164106965065002,-0.49328091740608215,0.13848793506622314,-0.4247644543647766,0.7268180847167969,0.6929128170013428,-0.454518586397171,0.6795290112495422,0.09867245703935623,-0.4512702226638794,0.2192685604095459,-0.17774342000484467,0.07202642410993576,0.558383047580719,-0.6121645569801331,-0.5360404253005981,-0.4242531359195709,0.11530917882919312,0.3952512741088867,-0.24653348326683044,0.43439650535583496,0.025878753513097763,-0.22601772844791412,-0.5482319593429565,-0.32779353857040405,-0.6178204417228699,-0.42019739747047424,-0.08802005648612976,-0.5091567039489746,0.2287750393152237,0.06524841487407684,0.5668879151344299,-0.10798424482345581,0.22834710776805878,0.7083886861801147,-0.5766487717628479,-0.6568837761878967,0.30269062519073486,-0.29821422696113586,-0.7440229058265686,0.38794565200805664,-0.062449660152196884,-0.5621160864830017,-0.6601618528366089,-0.44392114877700806,0.38017895817756653,-0.518607497215271,0.03166712075471878,0.6252738833427429,0.17644944787025452,-0.7204760313034058,0.4165057837963104,0.03489493206143379,0.09352678060531616,-0.08643335849046707,0.5033236742019653,-0.6096618175506592,0.47136539220809937,0.716231644153595,-0.4444570541381836,0.11064767092466354,-0.07438304275274277,0.08076224476099014,-0.6506335735321045,0.6906141638755798,-0.37430456280708313,0.019472889602184296,0.31337326765060425,-0.4945705533027649,0.4541804790496826,-0.013008157722651958,-0.3452215790748596,0.6113900542259216,0.3375208377838135,-0.6575865149497986,-0.7194482088088989,0.49668383598327637,-0.4955084025859833,0.006595969665795565,0.3490268886089325,0.3979768455028534,0.1223650723695755,-0.037249136716127396,0.5846790671348572,-0.42148810625076294,-0.36137619614601135,-0.4532695412635803,0.26590481400489807,0.5114558339118958,0.3456786870956421,-0.5192824602127075,0.3191882371902466,0.590997576713562,0.3988652527332306,0.22089408338069916,-0.2922084331512451,-0.3321602940559387,-0.6588316559791565,-0.2719547152519226,0.701107919216156,-0.6957055926322937,-0.15038615465164185,-0.5178170800209045,0.4330238103866577,-0.641581118106842,-0.4335261583328247,0.16080798208713531,0.10977363586425781,0.6001221537590027,-0.7126927375793457,-0.38919270038604736,0.7102154493331909,-0.4418802559375763,-0.43103453516960144,0.7128716707229614,0.3395474851131439,0.1399695724248886,-0.6641567945480347,-0.5254160761833191,0.5498196482658386,0.6602096557617188,0.3442806005477905,-0.25557777285575867,-0.09438805282115936,-0.6623777151107788,0.09709224104881287,-0.2539580464363098,-0.1493498533964157,0.4706133306026459,-0.007363140117377043,-0.6359396576881409,0.09125424921512604,-0.6272165179252625,0.1497994214296341,-0.5427299737930298,-0.45491743087768555,0.4509793817996979,0.3117423951625824,0.6394495964050293,0.2064484804868698,-0.24033555388450623,-0.47764238715171814,-0.2534889876842499,0.5134095549583435,0.2515981197357178,-0.4572257995605469,0.37028631567955017,-0.1166713535785675,-0.5063102841377258,-0.6243783235549927,-0.5289812684059143,-0.5183143615722656,-0.2256930023431778,0.3620429039001465,0.006264287047088146,0.42386919260025024,0.5072417259216309,-0.17569798231124878,0.7423534393310547,-0.6140660047531128,-0.2622787058353424,0.08986995369195938,0.4097439646720886,-0.003445507725700736,0.10661207139492035,-0.571957528591156,-0.7476420998573303,0.7148979306221008,0.038317762315273285,0.3616246283054352,-0.21960879862308502,-0.34469038248062134,0.582711398601532,0.24440407752990723,-0.5973429679870605,-0.47874748706817627,0.023432422429323196,-0.5397493243217468,0.18143734335899353,-0.537221372127533,-0.40579521656036377,-0.41848015785217285,-0.45096638798713684,-0.21524177491664886,0.126849964261055,-0.11520806699991226,-0.17605644464492798,-0.16143053770065308,-0.01489010639488697,-0.1207195445895195,-0.5452947020530701,0.522793173789978,-0.25337517261505127,-0.3512907922267914,0.6321733593940735,0.7171064615249634,-0.1780105084180832,0.04568479582667351,0.5647032856941223,0.6371235847473145,-0.29481041431427,-0.554109513759613,0.15862925350666046,-0.16352076828479767,-0.4862634837627411,0.007242901716381311,-0.6047811508178711,0.06377830356359482,0.15120258927345276,-0.22161586582660675,0.5558963418006897,-0.18382444977760315,0.6431125998497009,0.011193374171853065,0.25553834438323975,-0.2655772268772125,-0.7040321826934814,-0.5582498908042908,-0.03761501982808113,0.6933000683784485,0.22449852526187897,-0.7347686886787415,0.5752040147781372,-0.2347601056098938,0.06813408434391022,-0.0351952500641346,-0.16550394892692566,0.17376941442489624,-0.36100488901138306,0.04585590586066246,-0.039263539016246796,0.0868084579706192,0.717191755771637,0.7292250990867615,-0.17004503309726715,-0.6918252110481262,0.6130214333534241,-0.5626216530799866,0.5376203060150146,0.4154634177684784,-0.6926478743553162,-0.36020031571388245,-0.24524039030075073,0.033424075692892075,-0.04510471224784851,0.36667636036872864,-0.5924267768859863,0.39441627264022827,0.5549234747886658,0.6709875464439392,-0.45158326625823975,-0.5903207063674927,-0.6315786242485046,0.7222700119018555,-0.1206478625535965,0.6226438879966736,-0.33564040064811707,-0.5933763980865479,-0.6482537984848022,0.4277789890766144,-0.6691077947616577,0.33514612913131714,0.07410483062267303,0.40197357535362244,0.1519079953432083,-0.17612192034721375,0.4381072521209717,0.44963976740837097,-0.4486430883407593,0.18430784344673157,0.059025950729846954,-0.5286966562271118,-0.7400235533714294,-0.7333675026893616,0.24663308262825012,0.32319149374961853,-0.5218945145606995,0.6048640608787537,-0.29859423637390137,-0.19039352238178253,0.6717290282249451,-0.5348325967788696,-0.10215723514556885,-0.6399272084236145,-0.04508071765303612,0.3683493137359619,-0.6605468392372131,0.08020830899477005,-0.7162528038024902,0.2832915484905243,0.4003285765647888,-0.30295056104660034,0.551392674446106,-0.1495267003774643,0.5239588022232056,-0.582722008228302,-0.09865439683198929,-0.11062677204608917,0.4961930811405182,-0.6683915257453918,-0.09209425002336502,-0.3652028739452362,0.11038117855787277,0.3142622113227844,0.5957334041595459,-0.03591546788811684,-0.28587526082992554,0.33216872811317444,-0.11682771891355515,0.4357639253139496,0.40269890427589417,0.23945264518260956,-0.5294269323348999,0.5411368608474731,-0.5290961861610413,-0.5819251537322998,0.4073011577129364,-0.05918298289179802,0.5480103492736816,-0.30035945773124695,0.12302907556295395,0.26486724615097046,-0.20062121748924255,-0.5051565766334534,-0.5799959897994995,0.0449661985039711,-0.026702843606472015,-0.5395649671554565,-0.1625998169183731,0.4425172507762909,-0.37064820528030396,-0.260902464389801,-0.0739087164402008,0.6458331942558289,0.2782633304595947,0.18218107521533966,-0.19175750017166138,0.33819225430488586,0.35116633772850037,0.6425564885139465,-0.4416487514972687,0.17667077481746674,-0.35572943091392517,-0.06869913637638092,0.3071938157081604,-0.22772715985774994,-0.3858630955219269,0.5179601907730103,-0.4860583543777466,0.7024636268615723,0.5885080099105835,0.47326862812042236,-0.24431650340557098,0.6130252480506897,0.08079824596643448,0.06994990259408951,-0.5849871635437012,0.12480159848928452,0.3608103096485138,0.3974284529685974,-0.20952863991260529,-0.1801540106534958,-0.49297448992729187,-0.47872722148895264,0.39730218052864075,0.43802693486213684,-0.14959822595119476,0.11568315327167511,0.16416947543621063,-0.14352531731128693,0.39384329319000244,0.12053333222866058,-0.733332097530365,0.39674699306488037,-0.061123430728912354,-0.3141581416130066,0.2290286123752594,0.03385871648788452,0.03005540743470192,-0.5393909215927124,0.3196604251861572,0.5118352770805359,0.24124197661876678,-0.186250239610672,-0.6847214698791504,0.3458855152130127,-0.3309827744960785,-0.3192809522151947,-0.06555983424186707,0.3061681389808655,0.015041641891002655,-0.2054867446422577,-0.5367003083229065,0.5084586143493652,-0.4279021620750427,-0.6900449395179749,-0.06678007543087006,0.11800925433635712,-0.6080048680305481,-0.6293031573295593,0.08089161664247513,-0.05249033868312836,0.12649793922901154,-0.7254326939582825,-0.5760695338249207,0.5738348960876465,0.09232859313488007,-0.21712172031402588,0.10786810517311096,-0.2210533618927002,-0.37654945254325867,0.7103284001350403,-0.10629528760910034,-0.44583186507225037,0.036441609263420105,0.45989498496055603,-0.31877627968788147,0.5987803936004639,0.5252718329429626,0.5031143426895142,-0.16555047035217285,0.336665540933609,0.016493158414959908,-0.6769665479660034,-0.2886127233505249,-0.6514979600906372,-0.4239923655986786,-0.35749107599258423,-0.3824194371700287,-0.6109393835067749,0.26388949155807495,-0.504951536655426,-0.10761082172393799,0.6839250326156616,0.1487257182598114,0.5695105791091919,0.6976760625839233,-0.4143078923225403,-0.6717243194580078,-0.60455322265625,0.5662907361984253,-0.2591916620731354,0.08689708262681961,0.2434196025133133,0.5148763656616211,0.39519259333610535,-0.038165051490068436,-0.1554618626832962,-0.021057462319731712,0.6556170582771301,-0.38814789056777954,-0.44609957933425903,0.6931595206260681,0.6637135148048401,0.5303165912628174,-0.05707193911075592,0.12118197232484818,-0.3735385835170746,0.6332390904426575,0.6455610394477844,-0.7450746297836304,-0.22486722469329834,0.13976669311523438,-0.434682697057724,-0.470315545797348,-0.2006291002035141,0.08756450563669205,-0.6663012504577637,-0.1836610734462738,0.617331326007843,-0.39178895950317383,-0.30963173508644104,0.27196118235588074,-0.3656938672065735,0.5871170163154602,0.559667706489563,-0.3596612513065338,-0.5898476839065552,-0.5985729098320007,0.6069919466972351,0.3007826507091522,0.29309946298599243,-0.31549957394599915,0.055611759424209595,-0.5545465350151062,-0.3645084500312805,0.6889836192131042,0.5823871493339539,-0.7432401776313782,0.712897539138794,-0.35317835211753845,-0.40095949172973633,-0.3744082748889923,0.6399244070053101,-0.028331894427537918,0.016197333112359047,0.4823575019836426,0.09962008893489838,0.20020228624343872,-0.1555732786655426,0.32445523142814636,-0.7115793228149414,0.2532464861869812,0.7144872546195984,0.22497081756591797,-0.07732649892568588,0.2892346680164337,-0.016345901414752007,-0.5931543111801147,-0.2446155846118927,-0.3023495078086853,0.736922025680542,-0.21993964910507202,-0.07418908923864365,-0.6616493463516235,-0.017836423590779305,-0.6950587034225464,-0.5992708206176758,-0.22779127955436707,-0.3201499879360199,-0.2079281359910965,-0.5660882592201233,-0.2772013545036316,0.049522966146469116,0.6146564483642578,0.3651120066642761,-0.5201702117919922,-0.5659368634223938,-0.11169974505901337,0.7013748288154602,0.7276167869567871,-0.229980930685997,-0.6416293978691101,-0.0912022665143013,-0.7007321119308472,-0.2917572259902954,0.4107382297515869,-0.26208946108818054,0.6372885704040527,0.48702746629714966,-0.6413376331329346,0.3713134825229645,0.5227730870246887,0.6891417503356934,0.6901888847351074,0.40446504950523376,-0.4797728955745697,-0.5301251411437988,0.44281718134880066,-0.35846999287605286,-0.07150979340076447,-0.08954092860221863,0.5240933895111084,0.627332866191864,0.2637070417404175,0.14537855982780457,0.5716552138328552,0.24327635765075684,-0.2309766262769699,0.7198830842971802,0.2112009972333908,-0.5319148302078247,0.02308948151767254,-0.0763462632894516,0.5775860548019409,0.298990398645401,0.304144948720932,-0.03087080456316471,0.0014605341712012887,-0.005168091505765915,-0.5312748551368713,-0.20898136496543884,0.5233958959579468,-0.0008745072991587222,-0.007189537398517132,0.06420975923538208,0.2592983841896057,0.3068591058254242,0.682461142539978,0.271859347820282,0.40469619631767273,0.55196213722229,-0.016100313514471054,-0.5834670066833496,-0.5346463322639465,0.7215197682380676,0.3995266258716583,-0.5513591170310974,0.6001604199409485,0.6039879322052002,-0.2418890744447708,-0.5416802167892456,-0.3314516246318817,0.2684895694255829,0.3111638128757477,-0.14903122186660767,-0.18171189725399017,0.36612629890441895,0.16730745136737823,-0.7056857943534851,-0.09232266247272491,-0.26953020691871643,-0.5992804169654846,-0.7404254078865051,0.2274770736694336,0.24633893370628357,0.2669634521007538,0.24296511709690094,-0.28508561849594116,0.1553494930267334,-0.6998814344406128,0.17570382356643677,-0.6563845872879028,0.04399014264345169,-0.6420116424560547,0.4093357026576996,0.6936385035514832,-0.10016533732414246,0.1232837438583374,0.013730647042393684,0.37010258436203003,-0.4542476534843445,-0.15660586953163147,0.7356748580932617,0.5093885660171509,0.0898306593298912,-0.2606724798679352,0.034524135291576385,0.5269742012023926,0.6508579850196838,0.3823631703853607,0.23759044706821442,0.1569753736257553,-0.008980765007436275,0.6765764355659485,0.03752969950437546,-0.09579922258853912,-0.6006620526313782,-0.3685847520828247,0.23035724461078644,0.7249613404273987,-0.23770856857299805,-0.3433024287223816,0.32570794224739075,0.030862946063280106,-0.7412465810775757,0.42383137345314026,0.004146200604736805,0.008949097245931625,0.3599151372909546,0.6272541880607605,-0.7145791053771973,-0.4446043372154236,-0.39715537428855896,0.6418787240982056,0.6237151622772217,0.2789461314678192,0.25538432598114014,-0.6261143684387207,0.41363096237182617,0.21268631517887115,-0.6175047755241394,0.37634074687957764,0.308854341506958,-0.7089166045188904,0.2556889057159424,-0.045564521104097366,-0.2192811220884323,-0.5760202407836914,-0.6509678959846497,-0.30953845381736755,0.6027346849441528,-0.04779404029250145,0.2969069480895996,-0.6124175190925598,0.1146545484662056,-0.11764152348041534,0.4110909402370453,-0.1192142441868782,0.6720787286758423,0.3548125922679901,0.5794413685798645,0.12036202102899551,0.6847450733184814,-0.6650667786598206,-0.20380426943302155,0.06811895966529846,0.07957718521356583,0.6863491535186768,0.4884127676486969,-0.0130855031311512,0.6310978531837463,0.6019713878631592,-0.47668787837028503,-0.29932892322540283,-0.3151959478855133,-0.05706244707107544,0.24528254568576813,-0.04485679417848587,-0.1744120568037033,0.4100492596626282,0.4041345715522766,-0.5947950482368469,0.415193110704422,-0.13727228343486786,-0.6533584594726562,0.017200522124767303,0.20851141214370728,-0.5241336226463318,0.15497338771820068,0.4207803010940552,0.12294532358646393,-0.48596811294555664,0.3593343496322632,0.5165979862213135,-0.6285697221755981,0.6969379186630249,-0.35906723141670227,0.08317979425191879,-0.5551612973213196,0.3138326406478882,-0.26440221071243286,0.34326788783073425,0.37163904309272766,0.1531745344400406,0.6881214380264282,-0.5734766721725464,0.1917952001094818,-0.10601139068603516,-0.3027615547180176,-0.5721217393875122,0.6678740978240967,0.5987274050712585,0.25408706068992615,0.6387107968330383,0.21233820915222168,0.3733818233013153,-0.34242841601371765,0.48800867795944214,-0.658642053604126,0.0581955760717392,0.10060551762580872,0.5714658498764038,-0.3230755925178528,0.05517776682972908,0.018742995336651802,0.387107789516449,0.05953102558851242,-0.2932308316230774,-0.01259008701890707,0.4035361111164093,0.07511076331138611,0.7152807712554932,0.6281923651695251,-0.638382613658905,-0.6029534339904785,-0.45117342472076416,0.7411969304084778,-0.1355091631412506,0.14738869667053223,-0.23595096170902252,0.1874581128358841,0.3370615541934967,0.03376297652721405,0.5884392261505127,-0.6389794945716858,-0.7152271270751953,0.5203847885131836,-0.4136960506439209,0.13183492422103882,0.6354743838310242,0.2027578055858612,0.20656555891036987,-0.06536385416984558,-0.3975052237510681,0.11965622752904892,-0.23665697872638702,-0.32849717140197754,-0.2765447199344635,0.2126641869544983,-0.3725510537624359,0.34289318323135376,-0.35487768054008484,0.5823155641555786,-0.5657486319541931,-0.08321075141429901,-0.4860231578350067,0.35490116477012634,-0.30152666568756104,-0.6485353708267212,-0.7438018918037415,-0.021335214376449585,-0.16850675642490387,0.6761540770530701,-0.12676198780536652,0.1870334893465042,-0.6161781549453735,0.23757213354110718,-0.70295250415802,-0.4554482102394104,-0.3497670292854309,-0.627350389957428,0.6191250681877136,0.7320623397827148,0.5282348990440369,-0.6186032295227051,0.42372941970825195,-0.4138246476650238,-0.1724487841129303,0.27644380927085876,0.4770146608352661,0.2059861272573471,0.46183323860168457,0.29222702980041504,0.5032723546028137,0.47846055030822754,0.6942707300186157,0.0018168423557654023,-0.006486877333372831,0.6818393468856812,-0.2363850176334381,0.4253217875957489,-0.33994847536087036,-0.5719166994094849,-0.053516682237386703,-0.342273473739624,0.7061339616775513,-0.6336463093757629,-0.12892426550388336,0.575905978679657,-0.5221366882324219,0.23077906668186188,0.4156543016433716,0.5240060091018677,-0.2796831429004669,-0.46522143483161926,0.7153650522232056,-0.3093293011188507,-0.2728897035121918,0.7346243858337402,-0.11831982433795929,-0.28973689675331116,-0.12481687217950821,0.7007690072059631,-0.648257851600647,-0.15832829475402832,-0.718246340751648,-0.0437810979783535,-0.142732173204422,0.7385469079017639,-0.06333119422197342,0.2480810582637787,0.4748581349849701,-0.3856114447116852,-0.38894888758659363,-0.30628740787506104,0.5457378625869751,0.15843454003334045,0.11847904324531555,0.5876044631004333,0.18464356660842896,-0.1234595999121666,0.015349793247878551,-0.48620525002479553,0.4284696877002716,-0.01092376559972763,-0.3097602427005768,-0.032563138753175735,0.4739161729812622,0.3433113098144531,-0.16621853411197662,-0.12054351717233658,0.14393067359924316,0.4064536988735199,-0.20906920731067657,0.030933847650885582,-0.23180799186229706,-0.29098179936408997,0.32549604773521423,-0.39741194248199463,-0.40474003553390503,0.22489872574806213,-0.5207370519638062,0.49149900674819946,-0.4203847050666809,0.3905409574508667,0.05729715898633003,0.28807875514030457,-0.6748066544532776,-0.27486327290534973,-0.43242543935775757,-0.2467949092388153,-0.07667643576860428,0.6356974840164185,-0.47769877314567566,0.24540390074253082,-0.30761370062828064,0.25400662422180176,0.13320298492908478,0.005411285907030106,0.09932093322277069,0.4120880961418152,0.5540471076965332,0.4304804801940918,0.24976885318756104,0.5730651617050171,-0.6601225733757019,0.36118191480636597,-0.5604926347732544,-0.27978476881980896,0.6665173768997192,-0.5715071558952332,0.48387399315834045,0.6497884392738342,-0.43634718656539917,0.2930408716201782,-0.15645554661750793,0.40630605816841125,-0.2062104344367981,0.3059159219264984,-0.20383064448833466,0.46437135338783264,0.2123565971851349,0.40066400170326233,0.5580794811248779,-0.20991182327270508,-0.2802612781524658,-0.7238918542861938,0.00551977613940835,-0.6975604891777039,-0.35935938358306885,0.663565993309021,-0.2071058452129364,-0.012658259831368923,-0.5058811902999878,0.4743979871273041,-0.4548828601837158,0.041666429489851,-0.6853842735290527,-0.19926002621650696,0.23592601716518402,-0.7173363566398621,-0.2440253645181656,0.19187501072883606,0.2935318648815155,-0.04545663669705391,0.5261471271514893,0.7401761412620544,0.05214992165565491,-0.10016882419586182,0.005248744040727615,0.6299083232879639,-0.11564555764198303,-0.7443698644638062,0.3846520483493805,0.2687515914440155,0.16282445192337036,0.6078595519065857,0.572690486907959,-0.3788197338581085,0.013209295459091663,-0.6938923001289368,-0.6092411875724792,0.26892009377479553,0.23120464384555817,0.06490631401538849,0.6093217134475708,0.2112141102552414,-0.6625113487243652,0.30307435989379883,0.39852216839790344,0.6347138285636902,-0.011820511892437935,-0.7133612632751465,0.36949729919433594,-0.36981868743896484,-0.14090482890605927,0.08227928727865219,-0.3907843828201294,0.004486787598580122,0.39049965143203735,-0.4487994611263275,-0.615687906742096,0.5950292348861694,0.07230591028928757,-0.6056555509567261,0.6296542286872864,0.7347325682640076,-0.42544853687286377,-0.5817891955375671,0.660546064376831,-0.1462419629096985,-0.5461456775665283,-0.5679219961166382,0.23758353292942047,-0.6781461834907532,0.027219198644161224,0.7048598527908325,0.21939311921596527,0.19450242817401886,0.029680976644158363,-0.23519273102283478,-0.2768373489379883,-0.40234172344207764,-0.6976063847541809,0.35889244079589844,-0.1547258347272873,0.027479732409119606,-0.428969144821167,-0.035041116178035736,-0.5368025898933411,0.6064738631248474,0.36496493220329285,0.6182199716567993,0.545407235622406,0.3046890199184418,-0.2129439115524292,-0.4208035171031952,-0.06690221279859543,0.4169090986251831,-0.34539711475372314,0.7203794717788696,0.155379056930542,0.45284008979797363,-0.003391746897250414,0.6272659301757812,0.6242718696594238,0.48900657892227173,0.39841732382774353,0.7224803566932678,-0.22293144464492798,-0.11740464717149734,0.6495696902275085,0.5965387225151062,0.14141793549060822,-0.4916954040527344,0.014963392168283463,0.4202309846878052,0.38861677050590515,0.6939078569412231,-0.30115073919296265,0.6280807256698608,-0.39429181814193726,-0.14694100618362427,0.6685000061988831,0.5630495548248291,-0.7000294923782349,-0.19586743414402008,-0.620764970779419,-0.13056446611881256,-0.4085497558116913,-0.4722908139228821,0.2180260270833969,-0.44489383697509766,0.23835626244544983,-0.047627225518226624,0.21381475031375885,0.6827207207679749,0.3433786928653717,0.3079438805580139,0.01572774536907673,0.5402318239212036,-0.4200896918773651,0.6256261467933655,0.23933422565460205,0.47176334261894226,-0.5621140599250793,-0.6249653697013855,-0.7378387451171875,0.18296490609645844,0.1100563257932663,-0.006123865954577923,0.3293907344341278,0.5895734429359436,0.28226354718208313,0.07862108945846558,-0.08434139937162399,0.4801633656024933,0.5186187028884888,-0.1297617256641388,-0.5343009233474731,-0.29917237162590027,-0.34289440512657166,0.09989690780639648,0.7137221693992615,-0.6567983031272888,-0.5223713517189026,0.38666754961013794,-0.4913574457168579,-0.45467883348464966,0.6440049409866333,0.1329801380634308,-0.31173887848854065,-0.02449961006641388,0.6364834308624268,-0.061288051307201385,0.410338819026947,-0.23796160519123077,0.16332080960273743,-0.5071998834609985,0.15553461015224457,0.5378502607345581,0.238700270652771,-0.1533176153898239,-0.3954634666442871,0.29604578018188477,0.737748920917511,0.11308479309082031,0.6615813970565796,-0.13475948572158813,0.1839514821767807,0.5238294005393982,0.39441636204719543,0.3786148726940155,-0.7224276065826416,-0.2567455768585205,0.5329898595809937,0.4893646836280823,0.5973568558692932,-0.21333865821361542,-0.4332461953163147,0.6585769057273865,0.38178399205207825,-0.5093023777008057,-0.09318499267101288,-0.5643923878669739,0.10544174164533615,0.7080574035644531,-0.6629067659378052,-0.01772577129304409,-0.41063570976257324,0.34894055128097534,0.6546104550361633,-0.06499490141868591,-0.13638973236083984,-0.6341207027435303,-0.45823583006858826,-0.518531858921051,0.2668364942073822,-0.5653283596038818,0.7069778442382812,-0.5836312770843506,0.37896135449409485,0.6232742667198181,0.395704984664917,0.4600609242916107,0.1958646923303604,0.13971786201000214,-0.31816473603248596,0.5732560753822327,-0.6086435317993164,0.6594629883766174,-0.7455555200576782,0.36786147952079773,0.26898789405822754,0.03372006118297577,-0.3694148659706116,-0.18664926290512085,-0.15398404002189636,0.027576353400945663,0.16840119659900665,-0.1691090315580368,0.4159633219242096,0.23395895957946777,-0.7485469579696655,-0.7393320202827454,-0.20607759058475494,-0.37024372816085815,0.10511435568332672,-0.4393136501312256,-0.19185173511505127,0.4861603081226349,-0.12992478907108307,-0.19716139137744904,0.414264976978302,-0.024851294234395027,-0.4550137221813202,0.6476016640663147,-0.45389723777770996,0.4029703140258789,-0.6555030941963196,-0.17527636885643005,0.16728369891643524,-0.5847383737564087,-0.3592950403690338,0.32144924998283386,0.42943045496940613,0.5713145732879639,0.7062028646469116,-0.170014426112175,-0.64883953332901,-0.06970345973968506,0.3126673996448517,0.45256307721138,-0.14202384650707245,-0.7303469181060791,-0.43040454387664795,0.2324347198009491,-0.7335749864578247,-0.35986706614494324,-0.6963107585906982,-0.5505713820457458,-0.4943977892398834,0.04301292076706886,0.6097831726074219,0.5862448811531067,0.21333877742290497,0.20626571774482727,0.09171898663043976,0.2124781757593155,0.24758510291576385,0.3809030055999756,-0.24881583452224731,-0.5302416682243347,0.3193531334400177,0.3943212926387787,-0.014559520408511162,0.4632478356361389,0.41424760222435,-0.1226532831788063,0.23283225297927856,0.18672481179237366,-0.5929779410362244,0.08049400895833969,-0.5825343132019043,-0.638942539691925,-0.5890079736709595,-0.602867066860199,0.605820894241333,-0.5135348439216614,-0.04598935693502426,0.3854362666606903,0.4534223675727844,0.5179397463798523,-0.5123986601829529,0.21887366473674774,-0.2590138614177704,-0.3129235804080963,-0.33007046580314636,0.32002127170562744,0.5542058944702148,0.4319123327732086,0.4591149687767029,0.5870034098625183,0.7114224433898926,-0.4872230887413025,-0.3931182026863098,0.48568466305732727,-0.4313243627548218,-0.6744518280029297,0.6736000776290894,-0.5252426862716675,0.15378788113594055,-0.21416446566581726,0.24708665907382965,0.622448205947876,0.39771968126296997,0.3197372853755951,-0.6703579425811768,0.6514796614646912,0.3589743971824646,0.6926078796386719,0.2079472690820694,-0.5139145255088806,0.37771984934806824,-0.47580885887145996,0.5119512677192688,0.38578543066978455,-0.5468644499778748,-0.1708212047815323,0.48500367999076843,-0.5515048503875732,0.1587744504213333,0.22587375342845917,0.49451878666877747,0.2433272898197174,0.5834231376647949,0.4416162371635437,0.22521863877773285,0.7105680108070374,-0.5591319799423218,0.6837031841278076,-0.6360766887664795,0.02889053151011467,0.10082241892814636,-0.7307928204536438,0.2507377862930298,0.3034726679325104,-0.24032624065876007,0.12485945969820023,-0.4821752607822418,0.5610707402229309,-0.3215329051017761,0.5347129106521606,0.7073057889938354,-0.39993536472320557,0.4319491684436798,-0.7313006520271301,0.3559287190437317,0.2831919193267822,0.32811474800109863,-0.3635234236717224,0.5985511541366577,-0.14201398193836212,-0.7327418923377991,0.613835334777832,0.20786073803901672,-0.6440345048904419,0.19056038558483124,0.023624828085303307,0.5095439553260803,-0.07884558290243149,0.6620618104934692,0.25550392270088196,0.06585603207349777,0.6806923151016235,0.11037052422761917,0.17045754194259644,-0.24406079947948456,0.6664360165596008,0.6041581034660339,0.18174390494823456,0.302832692861557,-0.6879644989967346,0.06671600788831711,-0.2720027267932892,0.28105834126472473,0.7101558446884155,-0.05052755028009415,-0.07493174076080322,0.6797531247138977,-0.3875272274017334,0.2628662884235382,0.3656049072742462,-0.6633193492889404,-0.30195194482803345,0.7224928140640259,-0.7319003343582153,0.05381852015852928,-0.5292955636978149,-0.13311050832271576,-0.06807025521993637,0.21009226143360138,-0.057038646191358566,0.7476426362991333,-0.07168977707624435,-0.15592467784881592,0.5750153660774231,0.07891861349344254,0.5465764999389648,-0.7105340957641602,-0.32276034355163574,-0.7375651001930237,-0.270442396402359,0.6316157579421997,0.19450293481349945,-0.24929265677928925,0.6400870680809021,0.6828156113624573,0.74223792552948,-0.6987941265106201,-0.43624261021614075,-0.6860441565513611,-0.38634562492370605,-0.7087393403053284,0.7416173815727234,-0.08891969919204712,-0.2827761173248291,0.6607914566993713,-0.5950427055358887,0.23020072281360626,-0.41688641905784607,0.3639603853225708,0.7111086845397949,-0.6170266270637512,-0.1643507182598114,-0.7021792531013489,0.5801474452018738,0.5961399078369141,0.23139101266860962,0.221833273768425,0.1764148771762848,-0.7229097485542297,-0.49454545974731445,-0.2721586227416992,-0.7227360606193542,0.5768625736236572,0.6315121054649353,-0.6554504632949829,0.3200576901435852,0.07936116307973862,-0.7475430965423584,-0.10321236401796341,-0.43296822905540466,0.026335254311561584,0.34616273641586304,0.006983492057770491,0.5428958535194397,-0.2108035683631897,-0.4319497346878052,0.06182802468538284,-0.5391598343849182,-0.49765217304229736,-0.4431247115135193,0.454057902097702,0.5322801470756531,0.3156113624572754,0.40465426445007324,0.4334580600261688,0.2606789469718933,0.4551195800304413,-0.29451003670692444,-0.008616680279374123,0.6350917816162109,-0.033374667167663574,0.28737103939056396,0.03655198588967323,0.0032951615285128355,-0.4633108675479889,-0.608470618724823,0.2579311430454254,-0.06940142810344696,-0.3165205419063568,-0.10925667732954025,0.48993560671806335,0.7237957715988159,0.09972841292619705,0.7106836438179016,-0.29301998019218445,-0.33491042256355286,-0.10143449902534485,0.3883741796016693,-0.4229433834552765,0.23568738996982574,0.1987767070531845,0.330320805311203,0.40742242336273193,-0.4961967468261719,0.3244524896144867,-0.2354896068572998,-0.5573261976242065,0.10271530598402023,0.4750642478466034,0.0475931391119957,0.03473561629652977,0.7204402685165405,-0.43093568086624146,0.26264864206314087,0.37357112765312195,-0.23490259051322937,0.6783049702644348,-0.25972437858581543,-0.06876783818006516,-0.520685076713562,0.21683157980442047,-0.5444802045822144,-0.522676944732666,-0.44192156195640564,-0.7134957909584045,0.34335604310035706,0.1526644080877304,0.5778557062149048,0.7178663015365601,-0.019102752208709717,-0.2662430703639984,0.5591357946395874,-0.02162884548306465,0.5847765803337097,-0.3014053404331207,-0.16204917430877686,-0.3166961073875427,0.6190292239189148,-0.6035079956054688,0.030881956219673157,-0.1275634616613388,0.04943191632628441,0.579083263874054,-0.2969454228878021,-0.35010865330696106,-0.3628493845462799,0.3070041537284851,-0.35196423530578613,-0.6790680885314941,0.7263102531433105,-0.6014112830162048,-0.6253433227539062,0.37748458981513977,0.4874289035797119,-0.5771563053131104,0.7047240734100342,-0.7174162864685059,-0.622178316116333,-0.029122894629836082,-0.16223329305648804,-0.7426999807357788,0.3334987163543701,0.4925074875354767,0.6770167946815491,-0.6531034111976624,-0.4655210077762604,-0.2315893918275833,-0.4556492269039154,0.2025848925113678,0.2160661667585373,-0.7496786117553711,-0.006086685229092836,0.032519493252038956,-0.6414973139762878,0.38267701864242554,-0.09708327054977417,-0.20118474960327148,0.6171849966049194,0.039829861372709274,0.3157334327697754,0.31568753719329834,0.5861322283744812,-0.3163300156593323,-0.6279838681221008,0.2081443816423416,0.6777008771896362,0.7066969275474548,-0.22015391290187836,0.7335867881774902,0.528073787689209,-0.2569940686225891,-0.6829168796539307,-0.34436243772506714,0.6652389764785767,-0.5683993697166443,0.22061578929424286,-0.3974269926548004,-0.29473844170570374,0.5334872603416443,0.4459681808948517,-0.1991959810256958,0.2907935082912445,-0.3434995710849762,0.19716784358024597,0.7246505618095398,-0.3115086257457733,0.5367482304573059,-0.6262720823287964,0.23766179382801056,-0.1743801236152649,0.3237321078777313,0.0575069785118103,-0.2702716290950775,0.11785927414894104,0.46645742654800415,-0.5045746564865112,0.27007395029067993,0.6125481128692627,-0.26828011870384216,-0.6369815468788147,0.5621846914291382,-0.15869393944740295,-0.7024286389350891,-0.5689358115196228,0.37949082255363464,-0.15308871865272522,-0.0997847467660904,0.1516646444797516,-0.6234786510467529,-0.08687872439622879,-0.15241475403308868,-0.7133886218070984,-0.16265033185482025,-0.7079650163650513,0.6065611839294434,0.22795093059539795,0.5459957718849182,-0.06493232399225235,-0.16058135032653809,0.6465102434158325,0.015519766137003899,0.28622913360595703,-0.41864171624183655,0.3525659739971161,0.7378292679786682,0.4259466528892517,0.2608847916126251,-0.6973773241043091,-0.27591535449028015,-0.7260578870773315,-0.4183816909790039,-0.22004114091396332,0.16812142729759216,0.022494083270430565,0.40372514724731445,0.1786976307630539,0.04536060988903046,0.020515909418463707,-0.2186221033334732,0.19915460050106049,-0.09750428050756454,-0.6186776757240295,-0.2561732828617096,-0.08140330016613007,0.010645917616784573,0.7172113060951233,0.22712063789367676,0.11822843551635742,0.7472556829452515,-0.1938304752111435,-0.4650006592273712,-0.4883636236190796,0.7470111846923828,-0.48436975479125977,-0.04901791736483574,0.0013385405763983727,-0.3291797637939453,-0.7421841621398926,-0.20690444111824036,0.6760261654853821,0.3157707750797272,-0.28171584010124207,0.3095957934856415,0.5620952248573303,0.23381352424621582,0.32424551248550415,0.25386297702789307,0.1863231509923935,0.1109846904873848,0.25274136662483215,0.6795139908790588,-0.32274919748306274,-0.48147672414779663,0.49897339940071106,-0.4886713922023773,0.09520227462053299,0.25928694009780884,0.010673969984054565,0.23546750843524933,0.0989125669002533,-0.21164287626743317,0.20361508429050446,-0.10619687288999557,0.744408905506134,-0.1982763111591339,-0.606275200843811,0.48227208852767944,-0.5721582770347595,0.2437799721956253,-0.3410649597644806,0.35379165410995483,0.7133532762527466,-0.6809991002082825,0.5562763810157776,-0.12886635959148407,-0.4993218183517456,0.3003021776676178,-0.02211710996925831,0.4834451675415039,-0.26210400462150574,0.17331568896770477,0.1286172866821289,-0.6731881499290466,-0.47905758023262024,0.28473731875419617,-0.3888688385486603,0.08103983849287033,0.5483482480049133,0.4633548855781555,-0.3926335871219635,-0.719448447227478,0.6794381737709045,-0.23847979307174683,0.5737189650535583,-0.41186797618865967,-0.10274991393089294,0.7217164635658264,0.7181611657142639,0.2624719738960266,0.7418068051338196,-0.6903384923934937,0.15283580124378204,0.745747983455658,-0.6947774887084961,0.6437786817550659,-0.360700786113739,-0.28193116188049316,0.25967440009117126,-0.08505839854478836,-0.2237022966146469,-0.2715955972671509,0.48956188559532166,0.060275543481111526,-0.18676114082336426,-0.09170158952474594,-0.6782609224319458,-0.4374440312385559,-0.3859545886516571,-0.3599787652492523,0.28237736225128174,-0.5638001561164856,-0.1261785477399826,-0.49118518829345703,-0.711459755897522,-0.46012362837791443,-0.606522262096405,0.2364203780889511,-0.19252966344356537,-0.13067522644996643,0.12984570860862732,0.17012526094913483,0.10472415387630463,-0.4282380938529968,-0.4927203953266144,-0.4612538516521454,0.09977949410676956,-0.03239631652832031,-0.68278968334198,0.023128800094127655,-0.2905624806880951,-0.5363208651542664,-0.3417876362800598,-0.4981573224067688,-0.5103898048400879,-0.49151331186294556,0.29364341497421265,-0.2781243324279785,-0.6217963695526123,0.2596454918384552,-0.3513891100883484,-0.22047442197799683,-0.4374138414859772,0.5063042044639587,0.5944473743438721,-0.02806842513382435,0.5350291132926941,0.3601449131965637,0.6553457975387573,-0.6941552758216858,0.11894957721233368,0.41368386149406433,0.3216354250907898,0.5303047895431519,-0.6619361042976379,0.08101282268762589,-0.07356453686952591,0.11006524413824081,-0.0637405589222908,0.6008696556091309,0.42554163932800293,0.3911437392234802,0.33181920647621155,-0.5821821689605713,-0.08739807456731796,0.4937446713447571,-0.4939514994621277,0.2689567506313324,-0.311618447303772,0.2277320921421051,-0.14986149966716766,-0.3773191273212433,0.5101845860481262,0.5342361330986023,-0.6393722891807556,-0.37371569871902466,0.6260657906532288,-0.07527013123035431,-0.6914473176002502,-0.6983304619789124,-0.3799956738948822,-0.26729992032051086,-0.6881318688392639,-0.7105593681335449,0.09109418839216232,0.6870602965354919,0.5852372646331787,-0.46014726161956787,-0.027798157185316086,0.12139355391263962,-0.7282444834709167,-0.21638767421245575,-0.6295771598815918,0.06555090099573135,0.2704818546772003,-0.5377740859985352,-0.4975726306438446,-0.5674433708190918,-0.022947443649172783,-0.07306277751922607,-0.48436084389686584,0.0995539054274559,-0.03664039447903633,-0.2842089533805847,0.20193691551685333,0.5081393718719482,-0.5495999455451965,-0.1901814192533493,-0.6100316643714905,0.37684354186058044,-0.4803406298160553,-0.5903939008712769,0.21392382681369781,-0.33780598640441895,0.579852819442749,0.6897638440132141,-0.1175360381603241,-0.07341515272855759,0.32773569226264954,0.5094236135482788,0.7376027703285217,-0.1726452112197876,-0.30880671739578247,0.7243660688400269,-0.020926887169480324,-0.6476984024047852,-0.27475422620773315,0.6858534216880798,-0.5596322417259216,-0.03877057880163193,0.3838776648044586,0.6673300862312317,-0.7022235989570618,-0.49899822473526,-0.3015415072441101,-0.5670721530914307,0.12724308669567108,-0.09622438997030258,0.096954844892025,-0.08431148529052734,-0.5345521569252014,-0.5199601054191589,0.7083379626274109,-0.41129276156425476,0.40913093090057373,0.40421953797340393,0.7139368057250977,-0.539793848991394,0.17298361659049988,-0.6100659370422363,-0.5576112866401672,-0.6682521104812622,0.5580371618270874,0.20659440755844116,0.45362338423728943,0.5465465784072876,0.39245226979255676,-0.49025043845176697,-0.6761438846588135,-0.4342465102672577,-0.5041598677635193,0.19363579154014587,-0.09030818194150925,-0.022488020360469818,-0.5432941913604736,0.3275882601737976,0.20730088651180267,0.46374914050102234,-0.5077111721038818,0.6150903701782227,-0.39586710929870605,-0.6214216351509094,0.32308879494667053,0.34646114706993103,0.5365857481956482,0.06122416630387306,-0.40329882502555847,0.3053962290287018,-0.6233569383621216,0.503351628780365,0.3304630517959595,-0.7413506507873535,-0.7114492058753967,0.15520437061786652,-0.4938795268535614,0.12196735292673111,-0.1903957575559616,0.3272131681442261,0.46289998292922974,-0.6564621925354004,0.42318084836006165,0.005963665898889303,-0.439780592918396,0.5465502738952637,-0.1782745122909546,-0.40520399808883667,-0.0727970153093338,-0.467594176530838,0.7344292402267456,-0.4906582832336426,0.6929794549942017,0.2202475368976593,-0.0526236854493618,-0.36741456389427185,0.49320101737976074,0.5739851593971252,0.47301509976387024,-0.18727897107601166,0.23114314675331116,-0.22394725680351257,0.7139536142349243,-0.20611858367919922,0.009502580389380455,0.6564990878105164,-0.13696908950805664,0.49052873253822327,-0.23294466733932495,0.06130469590425491,0.13340944051742554,-0.15303756296634674,0.6000839471817017,-0.6568917632102966,-0.023002760484814644,-0.3111221194267273,-0.17570488154888153,0.05314856395125389,-0.050468746572732925,-0.6438579559326172,-0.041583191603422165,0.6361390948295593,-0.39990392327308655,-0.24667926132678986,0.4515340030193329,-0.45760467648506165,0.543430745601654,-0.36136481165885925,0.20691758394241333,0.7466686964035034,-0.09526623040437698,0.3921613395214081,0.38311994075775146,-0.3542677164077759,0.4814823567867279,0.4795662760734558,-0.6723930835723877,-0.6688839793205261,0.1829337328672409,0.3100288510322571,-0.35542938113212585,0.3974463641643524,-0.5308441519737244,-0.3617200255393982,0.16642135381698608,-0.2882104218006134,-0.16844545304775238,0.5353644490242004,0.216846764087677,0.6826123595237732,0.5454009175300598,0.3362666368484497,-0.2680928707122803,-0.029340142384171486,0.3401334285736084,-0.3703271746635437,-0.56095951795578,-0.5281160473823547,-0.1709873229265213,0.011396439746022224,0.43348392844200134,-0.4671688377857208,-0.4350176751613617,-0.6262737512588501,-0.3056410551071167,-0.5693197846412659,-0.24136072397232056,-0.0383450947701931,-0.3852898180484772,0.38448116183280945,-0.32826027274131775,0.5629660487174988,0.32677119970321655,-0.10167856514453888,-0.07058706879615784,0.0631873682141304,0.5049914121627808,0.5220232605934143,-0.27248549461364746,-0.059638552367687225,0.6484559178352356,0.5865600109100342,-0.676671028137207,-0.26368448138237,0.40905144810676575,0.15229706466197968,0.381049245595932,0.673521101474762,0.34409576654434204,-0.6153367161750793,-0.7373039126396179,0.16648752987384796,-0.5927833914756775,-0.06549817323684692,-0.5873191356658936,-0.28829365968704224,0.03945020213723183,-0.5023390650749207,-0.4497108459472656,0.7188349962234497,0.2011718600988388,0.14254595339298248,0.6216706037521362,-0.5013434886932373,-0.08020372688770294,0.548884391784668,-0.015771690756082535,-0.2961690425872803,-0.6338320970535278,0.6165198683738708,0.6360834240913391,-0.5665343403816223,0.4386306703090668,-0.42452242970466614,0.5959975719451904,-0.6687626838684082,0.35000333189964294,0.5750429630279541,-0.5240522623062134,-0.5630109906196594,0.15856841206550598,-0.31253618001937866,-0.6494859457015991,0.2618238925933838,0.3666488230228424,0.1386803388595581,0.008859224617481232,-0.32759755849838257,0.5592784881591797,-0.5437933802604675,-0.3773167133331299,0.49459561705589294,0.3808124363422394,-0.1673433780670166,-0.28891831636428833,0.6934864521026611,-0.5746968984603882,0.28578999638557434,0.006087059620767832,-0.3885924816131592,-0.588112473487854,0.6579141020774841,-0.16727663576602936,0.5141969323158264,-0.03545939549803734,0.186359241604805,0.6686944961547852,-0.40314343571662903,-0.386985182762146,-0.25906580686569214,-0.40105560421943665,-0.7327079176902771,0.3325565755367279,0.22957608103752136,0.5616784691810608,-0.49212315678596497,0.6022464632987976,0.7392663359642029,0.6791998147964478,0.04794660210609436,0.5401841998100281,0.5674557089805603,-0.514414370059967,-0.6872155666351318,-0.2901673913002014,0.10740949213504791,0.20578882098197937,0.46870335936546326,-0.1877731829881668,0.2702706754207611,0.04906145855784416,-0.4320564568042755,-0.6786748170852661,0.3154910206794739,-0.35165461897850037,0.6852914094924927,0.10200276225805283,0.3095005750656128,0.6157349944114685,-0.20401716232299805,-0.32659295201301575,-0.02197195217013359,0.56252121925354,-0.22333821654319763,-0.34075450897216797,0.6828840970993042,-0.5234109163284302,0.5225054621696472,-0.19038264453411102,-0.5968379974365234,-0.29308396577835083,-0.019827045500278473,0.08715225756168365,-0.155273899435997,-0.286113440990448,0.4240119755268097,0.008125551044940948,-0.4229549169540405,0.17183570563793182,-0.055463310331106186,-0.4942457675933838,-0.48766276240348816,-0.37896832823753357,-0.5816874504089355,0.3310520350933075,0.6532459855079651,-0.28469717502593994,-0.18067039549350739,-0.07544482499361038,-0.46893391013145447,0.3735620677471161,-0.5144901871681213,0.025984207168221474,-0.4290567636489868,-0.21417196094989777,0.10079990327358246,0.2177564650774002,0.10117463767528534,-0.38752639293670654,-0.2159186750650406,0.1396242380142212,0.13390204310417175,-0.54392009973526,-0.0642985850572586,-0.7467890977859497,0.36202484369277954,0.418735533952713,-0.040085602551698685,0.22326023876667023,-0.04163416847586632,-0.011063002049922943,-0.38723352551460266,-0.40736037492752075,-0.13413524627685547,-0.298924058675766,0.33352431654930115,-0.07986922562122345,0.1381305307149887,0.005572210531681776,0.07966822385787964,-0.4342195689678192,-0.20105023682117462,0.23688404262065887,-0.32526686787605286,-0.5772457718849182,-0.2927826941013336,0.13569025695323944,0.1499951332807541,0.027374858036637306,-0.2716788649559021,-0.4328824281692505,0.5271565914154053,-0.37716662883758545,0.5465743541717529,0.3586713671684265,-0.00998746044933796,-0.1329682171344757,0.5367112755775452,0.2730816602706909,-0.3761447072029114,-0.06580671668052673,-0.047147322446107864,0.26339253783226013,-0.1634000837802887,0.12471765279769897,-0.6739588379859924,0.5707545280456543,-0.16594703495502472,-0.541452944278717,-0.08164042234420776,0.6611473560333252,0.6196939945220947,0.4598361849784851,-0.02902892418205738,0.4978719651699066,-0.6833803057670593,-0.28228628635406494,-0.39808717370033264,-0.471274197101593,-0.277048796415329,-0.32800257205963135,0.6290498971939087,0.6670871376991272,-0.1578151136636734,-0.3032044470310211,0.16473139822483063,0.3238805830478668,-0.19123397767543793,0.1516118049621582,-0.46464717388153076,0.5150381922721863,-0.16792801022529602,-0.7119155526161194,-0.12698854506015778,0.3065154254436493,-0.6228783130645752,0.27125832438468933,-0.02106599137187004,0.07184114307165146,0.000809791381470859,-0.15569740533828735,-0.44126248359680176,0.5755183100700378,0.5381754040718079,-0.5294991135597229,-0.2810896635055542,0.09246040880680084,-0.12762506306171417,-0.5321075320243835,-0.4597143232822418,-0.7011864185333252,-0.5220353007316589,-0.25934934616088867,-0.12587030231952667,-0.21805529296398163,0.18705742061138153,0.10919344425201416,0.35213905572891235,-0.16774067282676697,0.3072953224182129,-0.4689978063106537,0.007733460981398821,0.03584176301956177,-0.30022579431533813,-0.6979246139526367,-0.7306388020515442,0.06876515597105026,-0.04598508030176163,-0.23572124540805817,0.07476241141557693,-0.7236384749412537,0.7427778244018555,-0.24793075025081635,0.5354500412940979,0.18492507934570312,0.6571152210235596,-0.5075598359107971,0.36879628896713257,-0.3644893169403076,-0.3304242491722107,-0.046453505754470825,-0.5230624675750732,0.6630105972290039,0.3828592002391815,-0.4920501410961151,-0.23985569179058075,-0.7467271685600281,-0.025230947881937027,0.4510599672794342,0.6508252024650574,0.6136255264282227,0.4536969065666199,0.14442789554595947,0.655523955821991,0.5587077140808105,0.20285086333751678,-0.6001858115196228,-0.06432799249887466,-0.2277415543794632,0.4984302520751953,0.6145545244216919,-0.5825527906417847,0.4643120765686035,0.7105560302734375,-0.6748293042182922,0.2504519820213318,0.5459083318710327,-0.21585334837436676,0.4647039473056793,-0.5508620142936707,0.15349800884723663,-0.08483541756868362,-0.393327921628952,-0.3086159825325012,0.34512531757354736,-0.3614116609096527,0.5138346552848816,0.13853567838668823,0.026408765465021133,0.07545294612646103,-0.41821542382240295,0.011496220715343952,-0.19433589279651642,0.3590862452983856,-0.037413619458675385,0.4314652979373932,0.4898558259010315,-0.16455861926078796,-0.5265200734138489,-0.056822869926691055,0.18502865731716156,-0.20036470890045166,0.4402797818183899,0.6631819605827332,0.4260059893131256,-0.4448281526565552,-0.11062467098236084,0.5707271695137024,-0.2911068797111511,0.1388610154390335,0.35284584760665894,0.03879515081644058,-0.46962231397628784,-0.5879939794540405,-0.07267622649669647,0.6016117334365845,-0.018882928416132927,-0.62177973985672,0.4370078444480896,0.34473901987075806,-0.3043271005153656,0.26021018624305725,0.5932556390762329,0.3793618679046631,-0.5881780982017517,-0.6323795318603516,0.3758062422275543,0.6479449272155762,0.6949961185455322,0.5080458521842957,-0.7381018400192261,0.22397878766059875,-0.5210490226745605,-0.1627614051103592,-0.5325588583946228,0.4613652527332306,0.47251567244529724,-0.048136692494153976,-0.07946036010980606,0.10048240423202515,-0.44139349460601807,0.4762614071369171,-0.7474983930587769,0.7433673739433289,0.5410371422767639,-0.06339221447706223,0.009600884281098843,0.6198046803474426,0.4989829659461975,-0.6965019106864929,-0.013368114829063416,0.645176351070404,-0.23101189732551575,0.16509971022605896,0.12265465408563614,0.5449179410934448,-0.09698914736509323,0.02558005228638649,-0.016422990709543228,-0.5990708470344543,0.3803263008594513,0.3031056821346283,-0.6915106773376465,-0.11943641304969788,0.7140399813652039,-0.5757431983947754,0.03587653115391731,-0.42005282640457153,0.2421339452266693,-0.6438930034637451,-0.739059329032898,-0.677704393863678,0.06276742368936539,0.16167157888412476,0.600741446018219,0.6860657930374146,-0.4406276345252991,0.6816872954368591,-0.7422893047332764,0.33469244837760925,-0.37475648522377014,0.014436529949307442,0.20052091777324677,-0.5614879727363586,-0.03849108889698982,-0.35486409068107605,0.3065699338912964,0.19264009594917297,-0.5103067755699158,-0.44906097650527954,-0.06279104202985764,-0.5879749655723572,-0.5876310467720032,-0.4307958781719208,0.4817391037940979,0.6960481405258179,-0.2924984395503998,0.11294949799776077,0.29825788736343384,-0.40565434098243713,0.6006148457527161,-0.6138707995414734,0.541758120059967,0.04798240214586258,0.24223995208740234,0.45672425627708435,-0.571290910243988,0.5081250667572021,0.3545995056629181,0.3020249605178833,0.43591544032096863,-0.16159528493881226,-0.4278660714626312,0.714931309223175,0.6963198781013489,0.44244903326034546,0.06072955206036568,-0.1162896454334259,0.12247662246227264,-0.3333900272846222,0.09063290059566498,-0.03759704902768135,-0.429700642824173,-0.439716100692749,0.35478925704956055,0.3171069324016571,0.6837289333343506,-0.00484972121194005,0.218763530254364,0.14981035888195038,-0.3232506811618805,0.6926510334014893,0.5291504263877869,-0.5612074732780457,-0.5776103734970093,0.4659217298030853,0.6427836418151855,-0.2554645538330078,-0.2423807829618454,0.5167307257652283,0.32370349764823914,-0.13671118021011353,0.5405476093292236,-0.30708229541778564,-0.43208402395248413,0.6830349564552307,-0.6403401494026184,-0.6087488532066345,-0.31550726294517517,0.2568380832672119,-0.5233995318412781,0.29635781049728394,0.5198699235916138,-0.40117964148521423,0.5062846541404724,-0.2264682650566101,0.5025973320007324,-0.04992042854428291,0.513699471950531,-0.4049539864063263,0.6242636442184448,0.6926631927490234,-0.4601268470287323,-0.4748874306678772,-0.38478249311447144,-0.3128771185874939,0.1980155110359192,0.6443943381309509,0.10826770216226578,-0.5788052678108215,0.44654321670532227,0.7269366383552551,0.47855231165885925,0.5497342348098755,0.11104577034711838,-0.29437384009361267,0.07140074670314789,-0.6334711909294128,-0.3382338881492615,0.01289455033838749,0.46007001399993896,-0.5498550534248352,-0.08410774171352386,0.032302375882864,0.5024072527885437,0.021659471094608307,-0.2850639522075653,0.578343391418457,0.19466817378997803,0.6226376295089722,-0.4577762186527252,0.34156322479248047,0.7108049392700195,0.407665491104126,0.6390281915664673,0.18067830801010132,0.05365673825144768,-0.2500031590461731,0.7403947114944458,-0.5082675814628601,-0.0006371146882884204,-0.6602927446365356,-0.2511971890926361,0.40620237588882446,-0.5675655603408813,0.27901172637939453,0.03520460054278374,0.1873045414686203,-0.7285174131393433,-0.6391542553901672,0.3017911911010742,-0.5714030265808105,-0.4312656819820404,-0.31387758255004883,0.6562067866325378,0.2934647798538208,0.33016544580459595,0.4084823429584503,-0.12793417274951935,0.6176804304122925,-0.5528935790061951,-0.5505657196044922,-0.580402672290802,0.3605242073535919,0.060345228761434555,0.16967467963695526,-0.6755650043487549,-0.49349573254585266,-0.7106659412384033,-0.6118136048316956,0.4118262529373169,0.2540266811847687,-0.4623490869998932,-0.5856736302375793,0.3500049114227295,-0.11483825743198395,0.41383978724479675,-0.3703411817550659,0.6984999775886536,-0.19035515189170837,-0.4737960994243622,0.40325430035591125,0.06576963514089584,-0.5200483798980713,0.3382757604122162,0.5416520237922668,-0.13631613552570343,0.5069597959518433,0.7253702878952026,-0.21443280577659607,-0.21174868941307068,0.7392810583114624,0.36409997940063477,-0.51438307762146,0.7018058896064758,-0.4826713502407074,-0.2193126529455185,-0.1033904179930687,-0.045685045421123505,0.6234251856803894,0.5769850015640259,0.6784520149230957,-0.5790392160415649,0.1421971172094345,0.5337312817573547,-0.7159349918365479,-0.7454351186752319,0.5305101275444031,0.6968269944190979,0.2670908272266388,0.5899350643157959,-0.09753996878862381,-0.5018550753593445,0.1257380098104477,0.5983755588531494,-0.021063419058918953,-0.15633642673492432,-0.6419818997383118,-0.1432497501373291,0.05262552201747894,0.3724314570426941,0.009554198011755943,0.05482496693730354,0.2153189480304718,-0.5632326006889343,-0.6340203881263733,0.0650373324751854,-0.11796315014362335,-0.13545362651348114,0.24290449917316437,-0.11763809621334076,-0.25717055797576904,-0.37607571482658386,0.6669255495071411,-0.41843801736831665,-0.3845808804035187,0.2764328718185425,0.2972758412361145,-0.4286964237689972,-0.24730832874774933,-0.31064558029174805,0.5090389251708984,-0.3473456799983978,0.6605561971664429,-0.5264316201210022,0.29534849524497986,0.0417572557926178,0.22904329001903534,0.3038087785243988,0.028886277228593826,-0.1630830317735672,-0.7233746647834778,0.682533860206604,-0.38816124200820923,-0.35882967710494995,-0.48196083307266235,0.5624005794525146,0.010148963890969753,-0.6956996917724609,0.2822823226451874,0.5070684552192688,-0.7433330416679382,0.19645129144191742,-0.2564610242843628,-0.2465185672044754,0.15982559323310852,-0.7088051438331604,-0.557096004486084,-0.7041432857513428,0.6295942068099976,-0.25473305583000183,-0.34088075160980225,0.012409031391143799,-0.5120469927787781,0.42651110887527466,-0.5512418150901794,0.4688608944416046,0.6580045223236084,-0.5463117957115173,0.3884698450565338,-0.39150622487068176,0.5603309273719788,0.7118706107139587,0.13869072496891022,0.06036759540438652,0.24019399285316467,0.011125888675451279,-0.5741649866104126,0.6835179924964905,-0.49860239028930664,0.15829253196716309,-0.1653822958469391,-0.637411892414093,0.13496176898479462,-0.1920255571603775,-0.022715792059898376,0.7239791750907898,-0.6321183443069458,-0.06025313213467598,-0.21582366526126862,0.43091288208961487,0.31052929162979126,-0.1371547281742096,0.08272258937358856,-0.25829941034317017,0.19361497461795807,-0.06831955164670944,0.6211574673652649,0.7049428224563599,0.21653933823108673,-0.38102859258651733,0.04874603450298309,0.43495652079582214,0.25830766558647156,-0.27986466884613037,0.1689857393503189,-0.6415234208106995,-0.2512909471988678,0.6272978186607361,-0.4684138000011444,0.5898009538650513,-0.5410494208335876,0.201059952378273,-0.7475442886352539,0.02317974530160427,-0.2653186619281769,-0.5141805410385132,0.0668659582734108,0.721428394317627,0.647885262966156,-0.6832114458084106,0.6062300801277161,0.23575299978256226,0.14742088317871094,0.30139395594596863,0.28646817803382874,0.6479213833808899,0.17240379750728607,-0.6071672439575195,0.38197553157806396,0.3304675221443176,0.09248659014701843,0.34632453322410583,-0.3603745400905609,0.3467679023742676,0.3120171129703522,-0.1981462985277176,0.7414038777351379,0.5141024589538574,0.38079527020454407,0.6680953502655029,-0.3729347884654999,-0.364973783493042,-0.41367608308792114,-0.7347224354743958,-0.4108469784259796,-0.13704027235507965,-0.5489333868026733,0.0848250538110733,-0.6030020713806152,0.7288269996643066,-0.10598688572645187,-0.3824819028377533,-0.292434424161911,0.29826363921165466,0.21817247569561005,0.40467381477355957,0.4744180738925934,-0.6652176976203918,0.3577265441417694,-0.7390025854110718,-0.058604296296834946,-0.21574361622333527,-0.6447232365608215,-0.5829640030860901,0.21152520179748535,0.7088019847869873,-0.28587353229522705,0.010302090086042881,-0.37939906120300293,0.4546954333782196,-0.11128649860620499,0.2059641033411026,-0.16692326962947845,0.06948503851890564,0.3472781479358673,-0.6731671690940857,-0.6754885315895081,0.12902520596981049,0.3031970262527466,0.5285674929618835,-0.32772529125213623,-0.2708704173564911,-0.2723402678966522,0.023035094141960144,0.5550781488418579,-0.6865378618240356,0.3572976887226105,-0.6002081632614136,-0.09331206232309341,0.4258403480052948,0.6513490676879883,-0.3492545485496521,-0.35479894280433655,-0.39886564016342163,-0.4688858389854431,-0.1593928039073944,-0.2507217526435852,-0.6600792407989502,0.6111975312232971,-0.3351516127586365,0.15649349987506866,-0.12124183773994446,0.11148176342248917,0.5357139110565186,0.348315954208374,-0.6598843932151794,0.3723270297050476,0.5667245388031006,0.11811646819114685,-0.7043717503547668,0.619850218296051,-0.5469679236412048,-0.6708231568336487,-0.7189818024635315,-0.23470436036586761,-0.19903987646102905,0.15810292959213257,-0.6108002066612244,-0.3135909140110016,-0.6860761642456055,0.721682071685791,-0.140081986784935,0.16938358545303345,-0.24729539453983307,0.6157354712486267,-0.4438954293727875,-0.24433697760105133,0.14687906205654144,0.5486813187599182,0.1641562432050705,-0.13899898529052734,0.06557486951351166,0.17784932255744934,-0.6345299482345581,-0.043350476771593094,-0.10122749209403992,-0.5822257399559021,-0.013951383531093597,-0.4780902564525604,-0.2258821278810501,0.5549015998840332,-0.08194628357887268,0.05648365989327431,-0.5720807313919067,-0.3988046646118164,0.526545524597168,0.27187618613243103,0.503582775592804,-0.5407260060310364,0.2519739866256714,0.6518190503120422,0.2754482328891754,-0.3787821829319,-0.1364523470401764,0.28131309151649475,0.07730258256196976,0.14430572092533112,0.4565148949623108,-0.1300148069858551,0.419313907623291,0.4449940025806427,-0.5284796357154846,-0.314641535282135,-0.5706892013549805,-0.08106804639101028,-0.5871724486351013,0.2910229563713074,0.7430101037025452,-0.1435827761888504,-0.25026756525039673,-0.469734251499176,0.4751787483692169,-0.6500540971755981,0.40179941058158875,-0.30306047201156616,0.13823579251766205,-0.5928971767425537,-0.663007915019989,-0.7299742698669434,0.5333191156387329,0.40625521540641785,-0.6150023937225342,0.4123575985431671,-0.07284015417098999,-0.023287402465939522,-0.6506392955780029,-0.1592349112033844,-0.6141759157180786,0.6373577117919922,0.4810032844543457,-0.4955279231071472,0.1512441784143448,0.04259762167930603,-0.29344820976257324,-0.7403510808944702,-0.48144662380218506,0.6581016778945923,0.2626429498195648,0.21509620547294617,0.6824889183044434,-0.5961117744445801,0.4837172031402588,-0.3888744115829468,0.6175903677940369,0.0772143304347992,0.16041991114616394,0.34305447340011597,-0.2996556758880615,-0.10134448856115341,0.5349224805831909,-0.1745923012495041,-0.34298327565193176,0.3754129707813263,0.5218316316604614,0.6132645010948181,0.28690195083618164,-0.4293757379055023,0.5939021110534668,0.19740188121795654,0.47765329480171204,0.008809769526124,-0.07461196184158325,-0.3748503029346466,0.014329393394291401,0.09653614461421967,0.4582095742225647,0.2367432862520218,-0.572765052318573,0.3916603922843933,0.1686246544122696,0.6519107222557068,-0.2854365408420563,0.2893502116203308,0.6622255444526672,0.09394446015357971,-0.4847858250141144,0.37368547916412354,-0.32128116488456726,-0.36505070328712463,-0.10854893177747726,0.43246039748191833,0.013818131759762764,-0.16804182529449463,0.7152811288833618,0.1293155401945114,-0.516498863697052,0.6593526601791382,0.35100388526916504,-0.34020331501960754,-0.36582979559898376,0.722123920917511,0.5181615352630615,-0.08773627132177353,0.5509462952613831,-0.5366978049278259,0.2985386848449707,0.14600810408592224,-0.21712103486061096,-0.05857795476913452,0.38764679431915283,-0.41421493887901306,-0.29547637701034546,0.5621460676193237,0.15043295919895172,0.21984711289405823,-0.05808568373322487,0.647926926612854,-0.3125171363353729,-0.428970068693161,0.20336522161960602,-0.3034290075302124,0.04639677703380585,0.07819220423698425,0.39432117342948914,0.44197580218315125,0.194320946931839,0.6514471769332886,-0.16558335721492767,0.15028828382492065,0.7102925181388855,0.7463813424110413,0.6512907147407532,-0.36577025055885315,0.13908925652503967,-0.0033599543385207653,-0.12475825846195221,0.17243990302085876,0.020612049847841263,-0.5045605301856995,0.30035749077796936,0.6503691673278809,-0.6312029957771301,0.31764429807662964,0.723381757736206,-0.6533004641532898,0.6708570718765259,-0.34691673517227173,-0.6130347847938538,0.4923138916492462,-0.08188988268375397,-0.18783336877822876,0.5421445369720459,0.25131070613861084,-0.020587420091032982,0.019315939396619797,0.2343895435333252,0.03459220379590988,-0.7373248934745789,-0.19942902028560638,0.5002779960632324,0.6974244713783264,-0.04064306616783142,-0.31548479199409485,0.33199647068977356,-0.6700901389122009,0.38766926527023315,-0.5581216812133789,0.1324635148048401,0.5701148509979248,0.7235196232795715,-0.05750081315636635,0.3159276843070984,-0.3616122007369995,-0.48827654123306274,0.0822582021355629,0.06841664761304855,-0.33611050248146057,0.7173600196838379,0.43935438990592957,0.6987411975860596,-0.05083095282316208,-0.11540409177541733,0.19280464947223663,-0.11488351225852966,0.4719584286212921,-0.5199600458145142,-0.6568731069564819,-0.6757800579071045,-0.14465421438217163,-0.025150086730718613,0.44346317648887634,-0.309243768453598,0.3012106716632843,-0.03305349498987198,0.280110239982605,0.4629080593585968,-0.4323779344558716,-0.5868449807167053,0.6966227889060974,0.7082907557487488,0.6582852602005005,-0.2838577628135681,0.2529541254043579,0.16684287786483765,-0.3994262218475342,0.46832743287086487,0.5071861743927002,0.031350865960121155,-0.3950273096561432,0.6262364387512207,-0.41399094462394714,-0.5975008010864258,0.5336605906486511,-0.2530800402164459,-0.13336753845214844,-0.044563017785549164,-0.43988630175590515,0.173192098736763,-0.5255551338195801,0.11841463297605515,-0.4403279423713684,0.5337369441986084,-0.002135321730747819,-0.5570100545883179,-0.11498833447694778,0.47177302837371826,-0.1682116836309433,0.39473721385002136,-0.31282004714012146,0.28576889634132385,-0.01894599385559559,0.6731510162353516,0.4165733754634857,0.616591215133667,0.5512173771858215,-0.6612929105758667,0.41809722781181335,-0.2745848596096039,0.40478426218032837,0.5520065426826477,0.6937535405158997,0.668820321559906,0.21858161687850952,-0.09179140627384186,0.29701027274131775,-0.7127079367637634,-0.010834709741175175,-0.6269709467887878,-0.286202073097229,-0.05785302072763443,0.09321009367704391,0.7278238534927368,0.5410956144332886,0.29169368743896484,-0.31747740507125854,0.04707597568631172,0.13816697895526886,-0.3952334523200989,-0.0012861713767051697,-0.3228936791419983,0.5212019085884094,-0.33169910311698914,-0.4861505925655365,-0.01117947231978178,0.36228859424591064,0.676617443561554,-0.6420016884803772,-0.27561384439468384,0.6410050988197327,-0.6547788977622986,-0.5974616408348083,0.16618116199970245,-0.6922435164451599,0.022799480706453323,0.6570352911949158,-0.5456622242927551,0.08066767454147339,0.06713332235813141,-0.4538511335849762,-0.023442154750227928,0.24478581547737122,-0.7339082360267639,0.6517738103866577,0.04829292371869087,-0.11552982777357101,0.42081138491630554,-0.3745959401130676,0.2580830454826355,0.6802149415016174,-0.13195082545280457,-0.4902583956718445,-0.2797733545303345,-0.5327543616294861,-0.17134840786457062,0.6875842809677124,0.11646708101034164,-0.18113964796066284,0.10996825993061066,-0.6522830128669739,-0.13421103358268738,0.45984360575675964,-0.7161006331443787,-0.183235302567482,-0.27418121695518494,0.0823633149266243,0.6937940716743469,-0.34077996015548706,0.36456552147865295,0.38284575939178467,-0.2812613844871521,0.19923806190490723,-0.5169749855995178,-0.5299445986747742,0.26685938239097595,0.37444809079170227,0.725355863571167,0.7482100129127502,0.005924665834754705,0.4488852918148041,0.3456436097621918,0.3466593027114868,-0.6205157041549683,0.11971332132816315,-0.10017898678779602,-0.4014759063720703,-0.1966904252767563,0.5961245894432068,-0.34242209792137146,-0.7472143769264221,-0.133147731423378,-0.6438323855400085,0.3882916569709778,-0.2576734721660614,-0.08993370085954666,0.6593180894851685,-0.47825416922569275,-0.3061414361000061,0.6915048360824585,0.16445311903953552,-0.641862154006958,-0.590416669845581,-0.6310763359069824,0.6557974815368652,0.3653763234615326,-0.7480601072311401,-0.21502624452114105,-0.38099104166030884,0.5603978633880615,0.27852120995521545,0.43290087580680847,-0.45275965332984924,0.21235491335391998,0.32589027285575867,0.33443236351013184,-0.19569049775600433,0.7328597903251648,0.20286691188812256,0.05915561690926552,-0.5081098079681396,-0.5424655675888062,0.5959374904632568,-0.39552363753318787,-0.139278382062912,0.0022492159623652697,-0.644140899181366,0.11149415373802185,0.19432514905929565,-0.6962740421295166,-0.2264777570962906,0.697129487991333,-0.09180261939764023,0.016717322170734406,0.4370601773262024,-0.6315606832504272,0.3497222363948822,0.17867010831832886,-0.36153101921081543,-0.6260573267936707,0.021916458383202553,0.700735867023468,-0.5962936878204346,0.5662887096405029,0.2939895689487457,0.7036476135253906,-0.04175931215286255,-0.2213696390390396,-0.3426499664783478,0.4146548807621002,0.5462489724159241,-0.25389277935028076,-0.5809643268585205,0.23790891468524933,0.1380496770143509,-0.38869839906692505,-0.3987048268318176,0.5269730091094971,0.037357453256845474,0.2992553114891052,-0.14211344718933105,-0.030518196523189545,0.4261424243450165,0.03838038071990013,-0.7443409562110901,-0.23164857923984528,0.6243856549263,0.5097494125366211,0.09190665930509567,-0.7458888292312622,0.5897663235664368,-0.01890983246266842,0.4237474501132965,-0.048787541687488556,-0.07870063930749893,0.07483790069818497,-0.6488504409790039,0.2969232201576233,-0.3981170654296875,-0.7019055485725403,0.016360003501176834,-0.2181294560432434,-0.20574264228343964,0.6466644406318665,-0.001165493973530829,0.0180206261575222,0.20201978087425232,0.007558121345937252,0.3636114299297333,0.061705268919467926,0.4070398509502411,-0.496962308883667,-0.22961027920246124,-0.41285714507102966,-0.6896122694015503,-0.05198052525520325,0.33533379435539246,-0.2848328948020935,0.648734986782074,0.14955593645572662,0.19821996986865997,-0.23704750835895538,-0.212279811501503,0.09378239512443542,0.045200806111097336,-0.02590339258313179,0.05904502421617508,-0.26431649923324585,-0.5583008527755737,-0.7363784313201904,0.08035256713628769,-0.1745608001947403,0.5086733102798462,-0.6484149694442749,0.40033045411109924,0.05791609361767769,0.1606784611940384,0.5020280480384827,-0.36660298705101013,-0.37827828526496887,0.6789894104003906,0.6663141250610352,-0.7444065809249878,0.5737788081169128,-0.6033909916877747,0.4641638994216919,0.7201972007751465,0.7069331407546997,0.6328713893890381,0.1049509048461914,-0.4212538003921509,-0.2425393909215927,0.2562199532985687,0.19203674793243408,0.6806307435035706,-0.7317591905593872,-0.3081860840320587,-0.6675211191177368,0.02376413345336914,0.718805730342865,0.39519283175468445,-0.2707732021808624,-0.07833781838417053,0.35537242889404297,-0.23840874433517456,0.4355770945549011,0.1927717626094818,0.7057485580444336,0.552340567111969,-0.20216377079486847,-0.2369239181280136,0.38142064213752747,0.20157621800899506,0.06758490949869156,0.5687059760093689,0.18998722732067108,-0.4750320613384247,-0.20387005805969238,0.7253400683403015,-0.1993345469236374,-0.3509986698627472,0.08409500867128372,-0.06212844327092171,0.6587344408035278,-0.04698467254638672,-0.2535025179386139,0.21844099462032318,-0.5887824296951294,-0.3973425030708313,-0.36046889424324036,-0.30353790521621704,0.033767156302928925,-0.33220863342285156,0.6295012831687927,0.38183167576789856,0.24771329760551453,-0.08518145978450775,-0.662231981754303,-0.4693204462528229,0.49225127696990967,0.36270958185195923,0.5459704399108887,-0.426724910736084,-0.677963137626648,-0.7430227398872375,-0.5105611085891724,-0.5152986645698547,-0.6769887208938599,-0.07832120358943939,-0.07840600609779358,0.6572433710098267,0.5385803580284119,-0.32067710161209106,0.5335960984230042,0.574347972869873,-0.014098496176302433,0.24211175739765167,0.7298118472099304,-0.7270004153251648,0.3955654501914978,-0.7342219948768616,-0.22735370695590973,0.0253021027892828,-0.6922168731689453,0.3586888909339905,-0.618516206741333,0.5946282148361206,0.5724078416824341,0.26473963260650635,0.4049234688282013,-0.14875638484954834,0.4286747872829437,0.21352660655975342,0.13996556401252747,0.4277598559856415,0.4189755320549011,0.10278382897377014,-0.012098802253603935,0.23334462940692902,0.7193312644958496,-0.6042758226394653,0.38562437891960144,0.2822147011756897,-0.11995639652013779,0.26610541343688965,-0.004675219301134348,0.513778567314148,0.019210809841752052,0.017369160428643227,-0.17936088144779205,-0.4668727517127991,0.495006799697876,-0.33815982937812805,0.6031407713890076,-0.1441037356853485,0.2037404328584671,-0.5629468560218811,-0.6010593771934509,0.3411475718021393,0.19484132528305054,-0.4260428547859192,-0.5639037489891052,-0.4627058207988739,-0.3167489171028137,-0.29577723145484924,-0.2589614987373352,0.3770756125450134,0.6573948860168457,0.5145040154457092,0.35715436935424805,-0.672447681427002,0.16525694727897644,0.4891311824321747,0.5645190477371216,0.2833413779735565,0.2663031220436096,0.2570716440677643,-0.7210735082626343,0.4774565100669861,-0.25980618596076965,-0.7024304270744324,-0.17133605480194092,0.11565190553665161,0.2435317039489746,0.670942485332489,-0.1431378722190857,-0.19965408742427826,-0.44149211049079895,-0.1250154674053192,-0.32093968987464905,0.6159452199935913,0.14408740401268005,0.5022139549255371,0.12084188312292099,-0.3823438584804535,0.5609460473060608,0.1541644185781479,0.6121789216995239,-0.6122960448265076,-0.1794198602437973,0.31228816509246826,0.008119801990687847,0.6124710440635681,0.07942305505275726,0.007340859156101942,-0.6422263383865356,-0.7538960576057434,-0.45845532417297363,-0.35210829973220825,0.4309537410736084,0.49634045362472534,0.44178348779678345,0.22144009172916412,0.5468446016311646,0.09432081133127213,-0.4528178572654724,-0.4770236015319824,-0.46947330236434937,-0.24424876272678375,-0.05157158896327019,-0.7387745976448059,0.3853984475135803,0.3847237825393677,0.20343910157680511,-0.023267712444067,0.436092734336853,0.2812822461128235,0.6268904209136963,0.5475499629974365,-0.5377352237701416,0.6673179268836975,-0.3062383830547333,-0.2433943748474121,0.26619046926498413,0.4896774888038635,-0.020690184086561203,0.18028518557548523,0.7127864360809326,0.594797670841217,0.5806463360786438,-0.25568047165870667,-0.04980723559856415,0.43649256229400635,0.2786501348018646,0.505784273147583,0.002567813964560628,-0.17950932681560516,0.5696837902069092,0.0422053299844265,-0.7155849933624268,-0.2319076955318451,0.7462048530578613,0.3807477056980133,-0.005511035677045584,0.7349489331245422,-0.15230973064899445,-0.5795904397964478,0.02681352011859417,0.38028445839881897,-0.6157652139663696,-0.41845181584358215,0.039309512823820114,0.20462052524089813,0.6687889695167542,-0.7115756273269653,0.3474116921424866,-0.1296563446521759,0.08713185042142868,-0.5297592282295227,-0.11901067197322845,0.6422938704490662,0.32835710048675537,-0.439876526594162,-0.16322481632232666,0.2833258807659149,0.46209636330604553,0.3837018311023712,-0.018606476485729218,0.14781932532787323,0.7367709875106812,0.10946037620306015,-0.2587070167064667,0.0578942634165287,0.4855141341686249,-0.6167441010475159,0.6483010053634644,0.028300274163484573,0.708652138710022,0.023253243416547775,-0.03372481092810631,0.48809126019477844,-0.2958364486694336,0.7232691645622253,-0.33078745007514954,0.4617857038974762,0.1323615163564682,-0.40597620606422424,0.6622633934020996,-0.5133852958679199,0.5495317578315735,-0.3094361126422882,-0.27415183186531067,0.6796652674674988,-0.38402602076530457,-0.7251518964767456,-0.40363457798957825,0.2103884220123291,0.49613314867019653,-0.09971944242715836,-0.050793878734111786,0.47730451822280884,-0.2492905706167221,0.5866190195083618,0.17972788214683533,0.5640376806259155,-0.13248848915100098,0.5887635350227356,-0.7276222109794617,-0.41247648000717163,0.6272048950195312,0.2095012366771698,-0.08457007259130478,-0.42576271295547485,0.06635890901088715,-0.10049165040254593,-0.3036603033542633,-0.4151107966899872,0.6116383671760559,-0.6857801675796509,0.1188020333647728,-0.5910709500312805,-0.6740835905075073,-0.5777364373207092,0.19261814653873444,0.42313987016677856,-0.4738800525665283,0.530110776424408,0.20603923499584198,0.0522727444767952,-0.32762405276298523,-0.4111805260181427,-0.5752142071723938,0.3621871769428253,-0.17202526330947876,-0.13927507400512695,0.5488746762275696,0.17674922943115234,-0.4168320894241333,-0.7106791734695435,-0.022832926362752914,0.23278754949569702,0.5757330060005188,0.437414288520813,0.3053760528564453,0.24979189038276672,0.6353479027748108,0.3806416094303131,0.2976670563220978,-0.6423558592796326,0.5571786165237427,0.023158671334385872,0.6612074971199036,-0.08160248398780823,-0.35440871119499207,0.538902759552002,0.3927810788154602,-0.09355014562606812,-0.5540794134140015,-0.5855545997619629,0.7190046310424805,0.5901172757148743,0.7115328311920166,-0.6767709851264954,-0.3937244415283203,0.5275309681892395,0.42362189292907715,-0.06683633476495743,-0.5103319883346558,-0.5207221508026123,-0.5985769629478455,-0.44031500816345215,-0.5173087120056152,-0.15589827299118042,-0.3422565758228302,0.1276622712612152,-0.6441161036491394,-0.5075554847717285,-0.09028089791536331,0.06633849442005157,0.05436205863952637,-0.6199771761894226,-0.47324585914611816,0.012794435024261475,0.49391984939575195,0.6717737317085266,0.04955730959773064,-0.39472004771232605,0.44949090480804443,-0.10717865824699402,-0.5435682535171509,0.15407593548297882,0.16060909628868103,-0.17339347302913666,-0.19062471389770508,0.28284090757369995,-0.5122808814048767,0.6699248552322388,0.297978937625885,-0.6951127648353577,0.5012868642807007,-0.1360929012298584,0.5993936061859131,0.37705472111701965,0.11079023778438568,-0.7383751273155212,0.03527066111564636,0.7245439887046814,0.1361372172832489,-0.4805036187171936,-0.3963257372379303,-0.6503332853317261,0.5413316488265991,-0.44082528352737427,-0.6378258466720581,-0.2759076654911041,0.0622236542403698,0.12658852338790894,0.5636603236198425,-0.587819516658783,0.6001942157745361,-0.38865938782691956,0.48730647563934326,0.701881468296051,0.5113283395767212,0.453347772359848,0.6028892397880554,-0.5700681805610657,0.7252150177955627,0.3427557647228241,-0.12777218222618103,0.46567487716674805,0.23882441222667694,0.7327057719230652,-0.3941238224506378,-0.064679816365242,0.2508106529712677,0.647886335849762,0.6729820966720581,0.09039146453142166,0.3769928216934204,0.7235515713691711,-0.3291704058647156,0.6294201612472534,-0.31090450286865234,-0.198094442486763,0.4800553619861603,0.2224072366952896,-0.08199335634708405,0.2525264620780945,-0.49760252237319946,-0.5509701371192932,0.3193911910057068,0.11788254231214523,-0.24776838719844818,-0.4009154438972473,-0.4466337561607361,0.4911331534385681,0.03546326607465744,0.18270343542099,-0.08243140578269958,0.6777458190917969,0.6429242491722107,-0.39710262417793274,0.4029572904109955,0.6584239602088928,0.30725526809692383,0.7061532139778137,0.6400042176246643,-0.16261765360832214,-0.027122970670461655,0.018675928935408592,0.36790966987609863,0.4035867750644684,0.058884624391794205,-0.3495595455169678,0.3487054109573364,-0.14606739580631256,-0.022717271000146866,0.36124470829963684,0.48547104001045227,-0.7383935451507568,-0.43486177921295166,0.0783131942152977,-0.32713159918785095,0.33629655838012695,0.487979918718338,-0.48781996965408325,0.4021655023097992,0.06627550721168518,0.5870317220687866,-0.650953471660614,-0.4445629417896271,0.6621556878089905,-0.12750914692878723,0.2567322850227356,0.4521561861038208,-0.21166975796222687,0.3364798426628113,0.7127726078033447,-0.17603406310081482,0.022177860140800476,0.6341620087623596,-0.4916297495365143,0.2848394215106964,-0.02683856710791588,0.7397941946983337,-0.37766069173812866,-0.5229823589324951,-0.15960361063480377,-0.27947741746902466,-0.48183274269104004,0.4614125192165375,0.2957099974155426,-0.011801835149526596,0.7235039472579956,-0.6066980957984924,-0.04868539422750473,-0.374858558177948,0.1873129904270172,0.26652979850769043,-0.23084227740764618,0.23621678352355957,0.11017642915248871,-0.05267192795872688,0.47551727294921875,-0.3589325249195099,-0.48412755131721497,-0.5731910467147827,-0.14081425964832306,-0.028905095532536507,-0.13512812554836273,-0.6239113211631775,-0.6169993877410889,-0.0015307734720408916,0.2936706244945526,0.3682761788368225,0.21728722751140594,0.4358915686607361,-0.3093132972717285,-0.6870526671409607,-0.12469372898340225,-0.7292574048042297,0.2987401783466339,0.6334494352340698,-0.016971731558442116,0.5119453072547913,-0.4344768226146698,-0.5894315242767334,0.22977717220783234,0.49021458625793457,0.6576225757598877,-0.14761154353618622,-0.1163545623421669,-0.24906520545482635,0.16247349977493286,0.12117376923561096,0.12801405787467957,0.608063280582428,0.5558620095252991,-0.3181130886077881,-0.3022649586200714,-0.4039980471134186,-0.41558337211608887,0.0364462211728096,0.0784873217344284,0.3863849341869354,0.49489736557006836,0.33316275477409363,0.7329221963882446,0.44570392370224,0.06553679704666138,-0.41180914640426636,-0.5188686847686768,0.21200929582118988,-0.6503053903579712,-0.08233796060085297,-0.2451285570859909,-0.6371546983718872,0.42688265442848206,-0.15399214625358582,-0.5107427835464478,0.5577759146690369,0.46135666966438293,0.6636409163475037,0.2802082896232605,0.7262081503868103,0.5108857750892639,-0.18715669214725494,-0.18649956583976746,0.08236118406057358,0.08508812636137009,-0.049910787492990494,0.5669460296630859,0.651385486125946,-0.47052574157714844,0.04333692789077759,0.47316914796829224,0.052387867122888565,0.2786637842655182,0.06779402494430542,0.21738247573375702,-0.623914361000061,0.12071441113948822,0.13368582725524902,0.23760610818862915,-0.09057356417179108,0.49594974517822266,0.586894690990448,0.7010048627853394,-0.41252797842025757,0.6498517990112305,-0.16245870292186737,0.691439688205719,0.09304307401180267,0.5826151967048645,-0.3490501344203949,-0.5624417066574097,0.12623992562294006,0.4917187988758087,-0.10249077528715134,-0.12851238250732422,-0.6047840714454651,-0.15816141664981842,0.43777644634246826,0.7097439169883728,-0.5850129127502441,0.32207655906677246,-0.4454942047595978,0.18949729204177856,0.6651483774185181,-0.24177154898643494,0.0891270563006401,-0.46208807826042175,-0.745311975479126,0.6070613265037537,-0.15147656202316284,-0.3541298806667328,-0.2271924763917923,-0.30413493514060974,-0.4188537299633026,-0.177847221493721,-0.5058945417404175,-0.34482255578041077,0.0035328532103449106,0.429691344499588,-0.4985365569591522,-0.13409678637981415,0.37295135855674744,0.2188011258840561,-0.49469006061553955,0.5143792629241943,0.4511740505695343,-0.0014657085994258523,0.01892644539475441,-0.5813804268836975,0.6587461233139038,0.5435559749603271,-0.4671230614185333,-0.5364338755607605,0.42311203479766846,0.5989308953285217,0.39136165380477905,-0.28462979197502136,0.734176516532898,-0.3813418745994568,0.41569221019744873,-0.17528074979782104,-0.6731496453285217,0.5888466835021973,0.5486027598381042,-0.3635704815387726,0.30092158913612366,0.3361949920654297,-0.5223901867866516,-0.5917481184005737,-0.11250130832195282,-0.46500274538993835,-0.4594370424747467,-0.20880171656608582,0.5230843424797058,-0.27232444286346436,0.27431508898735046,-0.5639814138412476,-0.5157661437988281,-0.3897424340248108,0.2743850648403168,-0.2933884561061859,-0.017940649762749672,0.19827058911323547,0.13900162279605865,-0.2192866951227188,0.5815656781196594,0.43886297941207886,-0.266154021024704,-0.49641603231430054,0.630656361579895,-0.05348880589008331,-0.7289286255836487,-0.056567080318927765,0.14281491935253143,-0.04796447232365608,0.5561362504959106,-0.36774319410324097,0.1223011314868927,-0.1950865238904953,-0.024718690663576126,0.0014299345202744007,-0.22434666752815247,-0.105398029088974,-0.12571610510349274,0.5112178921699524,-0.4945087134838104,0.12466386705636978,0.08376296609640121,0.20332610607147217,-0.6866419911384583,-0.1799541860818863,-0.1580047607421875,-0.1272086203098297,-0.7084909677505493,0.187263622879982,-0.516625702381134,-0.24213196337223053,-0.4731520116329193,0.5225201845169067,-0.6368733048439026,-0.2623443603515625,0.6781286001205444,-0.6485359072685242,0.7083532214164734,0.30396753549575806,-0.23447689414024353,-0.0453977957367897,-0.20380856096744537,-0.19699527323246002,-0.28515714406967163,-0.33507829904556274,0.4715286195278168,0.05992535129189491,0.5938571095466614,0.38446244597435,0.08977483212947845,-0.2932436168193817,-0.3491511046886444,0.11990547925233841,0.5229688286781311,0.035710472613573074,0.649428129196167,-0.6761456727981567,0.4380967915058136,0.6572627425193787,0.6207782030105591,-0.11595920473337173,-0.16612587869167328,0.41132664680480957,0.6908180117607117,0.5459656715393066,0.3834504187107086,-0.45564377307891846,-0.29203400015830994,0.6987298727035522,0.542667031288147,0.027269022539258003,-0.30401328206062317,0.1000705286860466,0.561931312084198,-0.5698826313018799,-0.17625665664672852,0.004589390940964222,0.23404094576835632,-0.5615981221199036,0.2338452935218811,-0.39792919158935547,0.3498053550720215,0.22465376555919647,0.4310677945613861,-0.3250509798526764,-0.06537223607301712,-0.1622665673494339,0.6974583864212036,0.6734427213668823,-0.5471691489219666,-0.5124043226242065,-0.4706820547580719,-0.45833203196525574,0.10786198824644089,0.13393451273441315,-0.23715680837631226,0.10772239416837692,-0.249336838722229,0.4698823094367981,0.46587884426116943,-0.050161466002464294,0.12217466533184052,0.15067066252231598,0.3543810248374939,0.7159421443939209,-0.7336781024932861,0.5895745158195496,0.6054841876029968,-0.5648493766784668,-0.2539723217487335,0.405628502368927,0.0588163323700428,-0.5664343237876892,0.44695401191711426,-0.2526625692844391,-0.2943529784679413,-0.6935921311378479,0.1945980340242386,-0.14659075438976288,0.6243501901626587,0.6992108821868896,0.1520809829235077,-0.4056089520454407,-0.5409966707229614,-0.4631957411766052,-0.13318482041358948,-0.23255296051502228,0.244222030043602,0.17944331467151642,-0.48977896571159363,-0.2814200520515442,-0.03232824429869652,-0.38899144530296326,-0.5444692373275757,-0.3658488988876343,-0.031316060572862625,0.43101075291633606,0.18674886226654053,-0.7287588715553284,-0.12283176183700562,0.38271382451057434,-0.2672123908996582,0.6813115477561951,0.0650075376033783,0.6737989187240601,-0.14601552486419678,-0.1760583072900772,-0.3203665316104889,0.4919651746749878,-0.0021334043703973293,-0.5547922849655151,0.1568303108215332,0.21871799230575562,0.6274974346160889,-0.10154949873685837,-0.296182781457901,-0.5026041865348816,-0.08407630771398544,-0.17538432776927948,0.5479387640953064,-0.42474454641342163,-0.04674450308084488,0.010979798622429371,0.6611121296882629,0.03193064033985138,-0.6602247953414917,-0.6703063249588013,0.5754634737968445,-0.32091960310935974,-0.7216993570327759,0.428131639957428,-0.6537399291992188,0.10021073371171951,-0.6202148795127869,0.7493191957473755,-0.3476036489009857,-0.47788456082344055,-0.6775252819061279,-0.7303850054740906,0.31665125489234924,0.6809165477752686,-0.5073493719100952,-0.18665018677711487,0.7018390893936157,0.708487331867218,-0.3756715953350067,0.07230150699615479,0.5959007143974304,-0.06824619323015213,0.5198179483413696,0.6125546097755432,-0.21117058396339417,-0.2949408292770386,-0.6982228755950928,0.14094296097755432,-0.5359774231910706,-0.5352468490600586,0.3640356957912445,0.2323198914527893,-0.2126755714416504,-0.3975847065448761,0.044075991958379745,-0.469681054353714,0.7135576605796814,0.3302576541900635,-0.4445240795612335,-0.5071775317192078,-0.07621380686759949,-0.18519695103168488,0.40223339200019836,-0.35810527205467224,-0.26997458934783936,-0.4142535328865051,-0.23787710070610046,0.5180605053901672,0.08226847648620605,-0.045137181878089905,-0.6809551119804382,-0.6414893865585327,-0.5252588987350464,-0.5105058550834656,-0.4643539488315582,-0.7430947422981262,0.3754331171512604,-0.22376006841659546,0.695173978805542,-0.49641335010528564,-0.5324665307998657,-0.463949590921402,0.6838430166244507,0.4967610836029053,-0.1229485347867012,-0.6023671627044678,0.34689900279045105,0.2436574101448059,-0.4987834393978119,0.19057925045490265,0.19634787738323212,-0.35553795099258423,-0.7434310913085938,0.2643474042415619,-0.7206471562385559,-0.4235170781612396,-0.16611742973327637,0.4279397130012512,-0.14260989427566528,0.13053902983665466,-0.46775785088539124,0.30275338888168335,-0.7227144837379456,-0.38702160120010376,-0.17577414214611053,0.5198882818222046,0.14964061975479126,-0.606859564781189,-0.09534332901239395,-0.22956910729408264,-0.316806823015213,0.5245090126991272,0.02540789172053337,0.5396671295166016,0.13076917827129364,-0.4891606569290161,-0.4888610541820526,-0.01347495336085558,0.695490300655365,-0.5959518551826477,-0.4712245762348175,0.6392514109611511,-0.20727211236953735,-0.16079950332641602,-0.03753029927611351,0.37287166714668274,-0.10102952271699905,0.622913122177124,0.6066324710845947,-0.01847669668495655,0.0016781847225502133,0.5856029391288757,0.7425591349601746,0.5630627870559692,0.46510666608810425,-0.46641501784324646,-0.4300577938556671,-0.6237490177154541,0.1784610152244568,0.40141162276268005,0.4765870273113251,0.5758678317070007,0.496307909488678